#type       avg     std     min      p5     p10     p50     p67     p75     p80     p85     p90     p95     p99    p999   p9999     QPS   target
read      253.4   322.0    68.9   124.0   138.5   217.2   260.1   289.2   312.1   338.9   371.4   422.5   615.6  4117.8 15454.3  29925.2    30000
read      257.6   384.5    74.4   123.2   136.9   214.8   262.1   293.1   316.9   344.5   380.1   435.3   676.7  5047.2 16023.1  30047.6    30010
read      244.5   354.1    74.4   122.5   136.4   209.7   248.7   274.9   296.3   321.8   354.9   402.5   566.3  4258.9 15858.0  29957.6    30020
read      244.7   329.2    74.4   121.1   134.3   207.1   249.3   277.5   299.7   326.6   360.7   411.0   615.8  3850.2 15894.9  30088.8    30030
read      244.1   301.7    74.4   119.3   132.5   207.7   252.6   282.4   304.8   331.5   365.5   418.6   604.9  3742.0 15301.2  30111.2    30040
read      240.6   283.8    74.4   119.8   132.7   205.2   246.4   273.8   296.4   324.0   359.2   409.4   597.3  4005.8 12528.6  30035.7    30050
read      242.5   394.8    68.9   119.2   131.8   202.2   244.3   272.8   295.1   321.6   355.3   404.4   589.3  5051.1 16733.2  30053.9    30060
read      239.8   400.7    74.4   118.9   131.1   199.0   239.3   266.7   288.0   314.1   346.6   397.9   597.6  5118.9 16246.4  30096.2    30070
read      235.4   349.2    74.4   119.1   131.3   198.9   237.2   263.5   283.4   307.9   339.1   387.4   563.1  4474.7 15885.4  30091.3    30080
read      236.9   340.3    74.4   119.3   131.3   200.2   241.7   268.7   289.0   313.4   345.0   396.1   582.4  4126.9 15626.9  30145.8    30090
read      243.9   350.0    74.4   123.3   136.0   207.5   248.9   274.8   294.8   318.5   350.6   401.7   598.0  4198.9 15767.5  30225.4    30100
read      254.8   342.1    74.4   126.2   139.5   218.3   263.7   291.1   311.7   337.1   371.0   427.3   630.2  4345.0 15781.2  30093.7    30110
read      270.4   366.3    74.4   127.9   142.0   229.2   278.8   308.5   330.6   357.9   394.2   457.0   777.4  4836.8 15891.4  30072.7    30120
read      275.1   381.6    68.9   126.4   140.3   228.1   284.9   318.9   343.6   372.6   411.0   480.4   834.4  4684.0 16141.0  30092.2    30130
read      262.5   403.3    68.9   124.9   139.2   221.6   267.9   297.1   318.7   344.2   376.2   429.9   714.7  5544.4 15981.5  30174.5    30140
read      248.6   402.7    74.4   120.6   134.1   209.0   251.1   279.3   301.7   328.9   362.6   411.6   594.2  5137.3 16153.4  30103.6    30150
read      243.0   418.7    74.4   120.1   132.8   201.9   240.4   267.4   289.5   317.4   352.4   401.7   573.8  5889.6 17216.6  30137.2    30160