Starting measuring cpu utilization percentages
Each number represents the percentage of cpu used per cpu.
[0.0, 0.0, 0.0, 0.0]
[64.7, 57.9, 16.2, 15.3]
[60.1, 54.9, 6.5, 2.2]
[38.0, 35.8, 3.2, 7.0]
[0.0, 0.0, 0.0, 1.0]
[44.5, 41.0, 13.0, 6.3]
[64.4, 60.8, 8.8, 5.4]
[61.4, 60.0, 11.6, 9.3]
[60.1, 56.8, 4.3, 2.2]
[59.2, 56.9, 7.5, 4.2]
[27.6, 24.8, 3.1, 2.0]
[2.0, 2.0, 2.0, 3.0]
[55.6, 53.4, 6.5, 4.5]
[61.7, 58.5, 4.5, 8.9]
[61.2, 57.8, 10.6, 8.9]
[63.0, 59.9, 8.5, 9.8]
[64.5, 59.0, 11.5, 10.6]
[10.8, 11.5, 5.8, 2.0]
[6.9, 4.0, 0.0, 1.0]
[63.8, 57.8, 10.9, 5.4]
[63.4, 59.1, 15.3, 7.4]
[64.3, 60.4, 18.0, 12.5]
[62.7, 58.6, 5.6, 3.3]
[60.4, 56.5, 9.6, 5.3]
[0.0, 0.0, 2.0, 1.0]
[20.6, 21.1, 1.1, 2.1]
[61.9, 61.3, 11.1, 9.5]
[61.5, 60.9, 8.9, 5.4]
[60.3, 61.3, 12.6, 5.4]
[58.3, 59.4, 7.8, 4.4]
[51.5, 50.7, 8.2, 4.2]
[3.2, 1.0, 1.0, 3.0]
[33.1, 31.9, 1.0, 2.1]
[61.6, 60.7, 7.4, 7.4]
[60.3, 60.0, 10.0, 4.3]
[60.9, 60.7, 11.9, 9.3]
[61.3, 59.3, 11.9, 6.4]
[35.8, 39.0, 4.1, 3.1]
[0.0, 0.0, 0.0, 0.0]
[44.7, 46.0, 6.5, 6.5]
[62.1, 60.7, 12.9, 8.6]
[62.9, 60.6, 19.2, 12.9]
[58.4, 62.2, 5.7, 6.6]
[58.4, 58.5, 11.8, 9.6]
[23.9, 24.3, 5.1, 3.0]
[0.0, 0.0, 1.0, 1.0]
[61.1, 54.3, 11.8, 10.6]
[62.8, 60.4, 5.6, 5.6]
[61.0, 59.4, 9.6, 7.4]
[61.7, 59.6, 4.5, 4.4]