Starting measuring cpu utilization percentages
Each number represents the percentage of cpu used per cpu.
[0.0, 0.0, 0.0, 0.0]
[28.3, 21.0, 7.2, 3.2]
[38.8, 23.8, 6.3, 7.1]
[9.9, 6.9, 2.0, 1.0]
[3.0, 2.0, 1.0, 1.0]
[24.5, 22.9, 5.1, 3.2]
[26.9, 28.4, 7.1, 6.3]
[29.5, 27.1, 6.1, 6.3]
[32.7, 30.6, 9.0, 4.3]
[32.2, 26.2, 2.1, 4.2]
[4.9, 2.0, 1.0, 2.0]
[5.9, 5.9, 1.0, 1.0]
[28.4, 26.4, 6.2, 8.9]
[21.0, 27.1, 8.2, 6.2]
[24.8, 29.1, 2.2, 5.2]
[23.1, 23.3, 5.2, 4.1]
[23.6, 23.8, 5.2, 2.2]
[2.1, 1.0, 1.0, 2.9]
[10.4, 9.9, 2.0, 1.0]
[23.1, 30.4, 3.2, 5.2]
[25.2, 26.4, 6.1, 7.1]
[31.2, 31.9, 5.3, 7.1]
[30.6, 27.8, 7.1, 7.2]
[23.6, 23.6, 3.1, 1.0]
[0.0, 0.0, 1.0, 0.0]
[13.7, 11.0, 2.0, 2.0]
[25.2, 28.4, 6.2, 5.2]
[31.8, 31.9, 6.1, 6.9]
[24.8, 29.1, 4.2, 3.1]
[28.8, 29.7, 4.2, 2.1]
[14.4, 15.4, 5.0, 3.1]
[2.0, 1.0, 3.0, 1.0]
[29.4, 17.8, 6.1, 5.2]
[30.3, 27.3, 6.1, 3.1]
[28.4, 23.1, 5.2, 3.2]
[35.8, 21.4, 6.1, 2.1]
[36.8, 27.5, 7.1, 9.0]
[14.9, 12.5, 5.9, 4.0]
[2.0, 0.0, 1.0, 2.0]
[28.2, 31.6, 4.2, 2.1]
[33.9, 33.3, 9.1, 6.1]
[33.0, 32.7, 8.2, 7.1]
[35.7, 32.5, 8.2, 6.1]
[28.4, 30.7, 6.2, 6.1]
[5.9, 5.9, 0.0, 2.0]
[1.0, 3.0, 1.0, 1.0]
[25.7, 30.0, 3.2, 6.2]
[24.2, 33.6, 3.2, 4.3]
[29.2, 31.9, 8.8, 6.1]
[20.0, 33.6, 4.1, 2.2]