Starting measuring cpu utilization percentages
Each number represents the percentage of cpu used per cpu.
[0.0, 0.0, 0.0, 0.0]
[6.3, 7.3, 2.0, 2.0]
[7.1, 5.9, 2.0, 5.0]
[0.0, 2.0, 0.0, 2.0]
[11.1, 10.0, 3.1, 1.0]
[7.4, 7.2, 4.0, 3.0]
[8.3, 7.3, 6.1, 5.0]
[8.5, 9.2, 5.0, 2.0]
[10.3, 7.2, 5.0, 0.0]
[3.0, 3.0, 1.0, 1.0]
[1.0, 1.0, 1.0, 0.0]
[7.3, 6.2, 3.0, 2.1]
[13.1, 6.2, 4.1, 6.0]
[8.7, 9.2, 3.0, 4.0]
[9.7, 7.1, 3.0, 5.0]
[11.0, 5.2, 2.0, 2.0]
[1.0, 3.0, 1.0, 3.0]
[2.1, 0.0, 0.0, 2.0]
[10.3, 9.1, 4.0, 2.1]
[8.2, 6.3, 0.0, 2.1]
[9.2, 7.3, 2.0, 3.1]
[7.3, 6.2, 2.0, 2.0]
[7.3, 8.3, 5.0, 7.0]
[1.0, 1.0, 0.0, 0.0]
[5.1, 3.1, 2.0, 1.0]
[7.1, 11.8, 1.0, 2.0]
[9.2, 7.4, 6.0, 4.0]
[6.3, 7.2, 3.1, 3.0]
[14.6, 7.4, 4.1, 4.1]
[7.0, 6.0, 3.0, 3.0]
[0.0, 1.0, 1.0, 0.0]
[8.0, 6.1, 2.0, 3.0]
[9.6, 10.3, 3.1, 6.0]
[7.6, 9.2, 5.9, 1.0]
[10.3, 9.3, 4.0, 5.0]
[7.3, 9.1, 3.1, 2.0]
[6.9, 4.1, 2.0, 0.0]
[2.0, 1.0, 1.0, 0.0]
[10.3, 7.2, 4.0, 3.1]
[10.2, 4.3, 3.1, 5.9]
[9.1, 5.2, 4.0, 2.0]
[6.2, 4.2, 3.0, 1.0]
[17.6, 10.3, 8.0, 7.1]
[4.2, 1.0, 3.0, 2.0]
[2.1, 1.0, 0.0, 2.0]
[9.2, 10.0, 1.0, 0.0]
[12.0, 12.7, 6.9, 4.0]
[10.2, 8.2, 3.0, 1.0]
[11.3, 13.6, 4.0, 0.0]
[9.1, 10.0, 2.0, 1.0]