Starting measuring cpu utilization percentages
Each number represents the percentage of cpu used per cpu.
[0.0, 0.0, 0.0, 0.0]
[23.2, 20.2, 3.0, 3.1]
[1.0, 1.0, 1.0, 1.0]
[52.6, 46.6, 8.4, 8.5]
[61.4, 51.1, 6.5, 10.5]
[57.6, 51.8, 3.3, 8.4]
[57.2, 51.1, 7.4, 7.4]
[58.1, 51.8, 10.2, 7.4]
[13.9, 13.3, 5.1, 4.0]
[5.0, 4.9, 0.0, 0.0]
[51.9, 57.4, 6.5, 7.4]
[51.8, 57.7, 6.5, 3.2]
[53.9, 55.9, 8.5, 7.4]
[54.1, 56.6, 11.5, 7.4]
[56.6, 54.9, 8.5, 6.3]
[2.9, 0.0, 0.0, 1.0]
[15.9, 18.9, 4.0, 3.0]
[55.3, 56.6, 7.4, 7.3]
[57.7, 56.6, 13.4, 13.0]
[52.6, 56.9, 7.3, 4.3]
[54.2, 56.3, 12.9, 7.2]
[42.5, 45.9, 2.1, 0.0]
[1.0, 0.0, 1.0, 2.0]
[33.6, 30.3, 4.1, 3.1]
[58.3, 54.6, 7.5, 5.3]
[55.0, 55.6, 6.5, 2.2]
[55.9, 56.0, 14.9, 6.4]
[56.8, 56.3, 11.3, 7.4]
[38.7, 38.6, 8.2, 6.2]
[1.0, 0.0, 0.0, 1.0]
[38.2, 40.2, 4.3, 2.1]
[53.9, 54.0, 9.6, 5.3]
[54.3, 56.9, 10.8, 8.2]
[54.8, 57.8, 10.6, 7.3]
[55.4, 54.3, 8.6, 5.3]
[23.9, 25.9, 5.1, 4.0]
[2.0, 3.0, 1.0, 2.0]
[51.5, 50.7, 7.2, 2.2]
[59.0, 55.9, 11.2, 12.0]
[56.2, 52.2, 7.3, 5.3]
[55.3, 55.8, 8.2, 5.3]
[57.1, 53.9, 5.3, 5.2]
[8.7, 9.5, 3.0, 1.0]
[8.9, 5.0, 2.0, 2.0]
[61.1, 51.1, 10.4, 7.3]
[57.1, 53.9, 8.7, 3.3]
[55.5, 52.9, 15.0, 9.3]
[56.8, 54.2, 7.6, 6.4]
[54.3, 49.3, 12.4, 6.3]
[0.0, 0.0, 2.0, 1.0]