Starting measuring cpu utilization percentages
Each number represents the percentage of cpu used per cpu.
[0.0, 0.0, 0.0, 0.0]
[49.2, 45.7, 5.3, 4.3]
[0.0, 1.0, 0.0, 0.0]
[37.1, 34.2, 2.1, 4.3]
[62.4, 63.2, 7.4, 8.1]
[64.7, 62.8, 5.4, 6.9]
[60.6, 60.6, 5.3, 7.9]
[60.9, 60.1, 6.3, 5.6]
[37.2, 36.4, 4.0, 6.2]
[1.0, 0.0, 1.0, 3.0]
[47.1, 47.2, 5.3, 0.0]
[63.4, 62.6, 7.5, 10.5]
[60.3, 61.7, 6.4, 4.3]
[62.5, 60.4, 6.3, 3.3]
[62.6, 62.0, 6.5, 5.4]
[29.6, 28.1, 7.0, 6.1]
[0.0, 1.0, 2.0, 0.0]
[54.6, 58.5, 9.8, 7.5]
[61.4, 64.0, 10.9, 8.7]
[61.3, 63.6, 11.6, 2.2]
[61.6, 62.6, 9.7, 9.5]
[60.9, 62.3, 7.6, 5.4]
[10.6, 10.6, 4.0, 2.0]
[6.8, 4.0, 0.0, 1.0]
[67.4, 62.5, 9.7, 4.5]
[65.2, 60.9, 7.4, 3.3]
[63.1, 60.0, 6.4, 4.3]
[62.9, 59.4, 10.1, 4.3]
[60.9, 58.7, 10.2, 6.4]
[0.0, 1.0, 1.0, 2.0]
[25.2, 20.8, 1.1, 1.1]
[64.7, 60.9, 7.4, 7.5]
[62.5, 60.6, 4.3, 3.3]
[62.2, 61.3, 5.3, 4.3]
[64.5, 60.9, 7.1, 4.3]
[51.6, 48.0, 6.1, 4.3]
[0.0, 1.0, 3.0, 1.0]
[33.9, 38.1, 3.3, 3.2]
[59.7, 64.4, 8.1, 8.8]
[60.6, 62.7, 13.8, 11.6]
[60.7, 61.9, 10.8, 4.3]
[61.0, 61.2, 12.8, 4.4]
[35.8, 38.2, 7.1, 5.1]
[0.0, 0.0, 0.0, 0.0]
[50.8, 49.6, 4.3, 3.3]
[67.4, 61.7, 12.2, 8.5]
[63.5, 60.7, 8.2, 5.4]
[60.3, 61.7, 7.3, 10.1]
[61.4, 61.0, 8.3, 5.4]
[25.2, 23.2, 3.0, 1.0]