Starting measuring cpu utilization percentages
Each number represents the percentage of cpu used per cpu.
[0.0, 0.0, 0.0, 0.0]
[1.0, 0.0, 0.0, 1.0]
[3.1, 5.1, 1.0, 0.0]
[8.6, 17.2, 2.1, 1.1]
[19.2, 19.4, 8.0, 4.2]
[14.9, 15.3, 4.1, 4.1]
[13.3, 13.5, 2.1, 3.1]
[11.1, 9.3, 4.0, 2.1]
[1.0, 3.0, 4.9, 1.0]
[9.2, 4.2, 2.1, 1.0]
[11.7, 10.5, 4.2, 3.1]
[10.5, 9.5, 4.1, 3.1]
[13.3, 9.6, 2.1, 1.1]
[15.3, 10.4, 4.1, 3.1]
[14.7, 7.3, 5.1, 5.1]
[0.0, 1.0, 0.0, 2.0]
[8.7, 6.3, 4.1, 2.1]
[12.5, 15.0, 3.1, 3.1]
[15.5, 16.0, 7.1, 5.1]
[14.7, 16.0, 4.1, 6.9]
[17.3, 13.3, 5.1, 3.1]
[6.9, 5.1, 1.0, 1.0]
[1.0, 0.0, 2.0, 0.0]
[9.6, 14.1, 3.1, 2.0]
[17.3, 13.7, 5.2, 7.1]
[14.9, 12.4, 3.1, 0.0]
[12.5, 15.3, 4.1, 4.1]
[12.5, 15.2, 2.1, 1.0]
[4.0, 4.0, 2.0, 2.0]
[3.0, 1.0, 2.0, 2.0]
[18.9, 12.5, 5.1, 6.1]
[11.5, 9.6, 7.8, 4.1]
[12.4, 7.7, 4.0, 2.1]
[14.4, 7.6, 3.1, 2.1]
[17.3, 11.7, 8.1, 8.2]
[1.1, 0.0, 0.0, 0.0]
[4.1, 5.1, 2.0, 2.0]
[11.7, 6.6, 3.1, 3.1]
[19.6, 11.5, 5.2, 6.1]
[16.3, 12.5, 4.1, 5.1]
[16.3, 9.7, 3.1, 4.1]
[13.0, 7.2, 2.0, 2.1]
[1.0, 0.0, 1.0, 1.0]
[6.2, 8.1, 5.0, 1.0]
[13.7, 16.5, 6.3, 6.1]
[15.1, 17.0, 6.1, 2.1]
[14.6, 12.5, 6.2, 1.1]
[6.5, 10.4, 4.1, 1.0]
[10.0, 9.1, 4.1, 2.1]
[0.0, 2.0, 0.0, 0.0]