Starting measuring cpu utilization percentages
Each number represents the percentage of cpu used per cpu.
[0.0, 0.0, 0.0, 0.0]
[43.5, 43.4, 8.1, 5.2]
[44.0, 46.9, 10.1, 6.3]
[16.3, 15.9, 5.0, 3.1]
[1.0, 2.0, 2.0, 0.0]
[35.0, 33.0, 3.2, 5.2]
[38.8, 38.3, 9.1, 6.3]
[40.7, 40.8, 10.0, 9.4]
[45.2, 39.2, 10.0, 9.4]
[37.6, 35.9, 6.2, 7.3]
[10.4, 7.7, 2.0, 2.0]
[3.0, 4.0, 0.0, 0.0]
[43.5, 37.0, 8.4, 9.0]
[49.6, 39.8, 5.4, 10.0]
[46.9, 35.1, 10.3, 6.3]
[45.5, 37.5, 6.3, 3.2]
[43.8, 34.2, 8.2, 7.1]
[0.0, 3.0, 1.0, 1.0]
[16.0, 10.7, 1.0, 2.0]
[45.5, 40.0, 5.2, 4.2]
[43.0, 37.8, 6.2, 6.3]
[41.6, 32.7, 6.2, 3.2]
[46.6, 36.4, 12.0, 10.3]
[35.3, 31.0, 8.0, 4.2]
[2.1, 1.0, 0.0, 2.0]
[17.1, 17.9, 1.0, 3.0]
[37.0, 42.1, 9.0, 4.2]
[39.0, 41.6, 8.2, 6.2]
[41.0, 41.6, 12.7, 11.7]
[37.8, 41.7, 6.2, 4.1]
[22.5, 23.2, 3.1, 3.1]
[0.0, 0.0, 1.0, 0.0]
[33.3, 30.7, 5.2, 9.0]
[43.5, 43.4, 10.1, 9.2]
[41.9, 41.5, 6.2, 4.3]
[40.7, 38.5, 7.1, 5.2]
[35.3, 38.0, 3.2, 8.1]
[16.8, 18.3, 5.0, 3.1]
[3.1, 2.0, 3.9, 1.0]
[38.3, 30.4, 3.2, 4.2]
[43.7, 31.5, 6.2, 5.3]
[42.1, 32.7, 7.1, 4.2]
[45.7, 35.1, 7.3, 10.1]
[49.6, 37.0, 6.2, 7.1]
[8.7, 7.8, 1.0, 0.0]
[6.8, 5.9, 2.0, 0.0]
[43.0, 37.5, 9.1, 7.2]
[45.0, 42.1, 9.2, 7.3]
[45.8, 42.3, 12.0, 11.1]
[38.8, 39.0, 7.1, 2.1]