Starting measuring cpu utilization percentages
Each number represents the percentage of cpu used per cpu.
[0.0, 0.0, 0.0, 0.0]
[69.3, 66.9, 9.1, 3.2]
[68.3, 67.9, 9.2, 5.3]
[14.2, 12.5, 3.0, 1.0]
[1.0, 2.0, 1.0, 2.0]
[69.9, 71.1, 9.1, 7.6]
[66.9, 70.3, 12.2, 9.8]
[67.7, 69.7, 2.4, 3.3]
[66.1, 70.5, 8.0, 6.7]
[68.8, 68.8, 9.1, 8.5]
[2.1, 3.0, 2.0, 2.0]
[18.3, 17.5, 0.0, 2.1]
[66.7, 70.9, 11.8, 8.2]
[67.9, 69.3, 5.6, 4.7]
[70.3, 70.4, 12.6, 11.4]
[66.7, 68.9, 3.4, 4.7]
[56.1, 57.4, 10.4, 16.3]
[0.0, 0.0, 1.0, 1.0]
[32.4, 33.3, 4.2, 4.3]
[70.3, 68.5, 4.5, 5.7]
[73.2, 67.4, 10.6, 8.9]
[67.7, 68.7, 1.2, 4.6]
[65.3, 68.2, 9.6, 13.7]
[43.4, 44.9, 4.2, 3.2]
[3.1, 1.0, 0.0, 1.0]
[46.1, 49.2, 5.3, 7.6]
[67.7, 68.0, 9.6, 14.4]
[70.2, 68.3, 3.3, 4.7]
[68.8, 71.1, 6.5, 14.3]
[69.3, 69.0, 9.5, 13.2]
[33.6, 31.8, 4.1, 3.2]
[1.0, 2.0, 2.0, 0.0]
[59.0, 60.3, 8.7, 7.5]
[69.4, 68.5, 7.8, 3.4]
[70.6, 68.3, 12.9, 12.6]
[70.9, 67.7, 7.5, 6.5]
[70.3, 68.3, 11.8, 9.8]
[15.1, 14.3, 3.0, 1.0]
[5.0, 4.0, 5.0, 4.0]
[70.6, 69.8, 9.2, 9.2]
[67.7, 70.1, 12.2, 10.0]
[68.0, 70.9, 9.1, 11.0]
[67.4, 69.8, 13.0, 12.1]
[63.5, 67.7, 11.0, 7.8]
[0.0, 1.0, 2.0, 0.0]
[25.9, 22.9, 4.1, 5.1]
[69.0, 66.9, 11.0, 10.1]
[68.2, 65.9, 8.6, 9.8]
[71.0, 66.1, 6.8, 6.8]
[72.7, 66.7, 11.7, 10.0]