[0.0, 0.0, 0.0, 0.0]
[71.9, 63.6, 10.6, 11.7]
[70.1, 60.5, 10.5, 6.7]
[32.8, 25.7, 2.1, 3.1]
[2.0, 0.0, 1.0, 0.0]
[59.8, 54.8, 10.0, 8.9]
[70.3, 64.7, 6.7, 6.7]
[68.5, 63.7, 10.9, 9.8]
[66.7, 64.8, 5.6, 4.4]
[67.4, 64.2, 9.7, 7.6]
[17.9, 16.8, 3.0, 3.0]
[3.1, 2.0, 1.0, 1.0]
[71.5, 65.1, 8.9, 13.0]
[68.4, 62.9, 3.4, 6.5]
[67.9, 62.6, 6.6, 3.4]
[69.8, 64.8, 10.9, 5.6]
[69.9, 64.3, 11.6, 9.8]
[0.0, 0.0, 1.0, 0.0]
[22.7, 18.9, 2.1, 1.0]
[68.0, 68.5, 12.6, 7.7]
[65.4, 67.2, 4.5, 7.5]
[69.0, 67.4, 11.6, 7.6]
[67.2, 67.2, 9.7, 9.7]
[53.7, 55.9, 7.4, 5.3]
[0.0, 1.0, 2.0, 2.0]
[38.4, 35.5, 3.2, 5.2]
[70.6, 67.9, 10.6, 7.6]
[68.2, 65.4, 11.3, 6.6]
[68.1, 65.2, 7.4, 5.4]
[67.9, 64.6, 7.5, 7.4]
[43.1, 41.0, 4.2, 5.2]
[1.1, 0.0, 2.9, 0.0]
[49.1, 47.4, 8.4, 9.5]
[69.1, 65.6, 10.5, 8.9]
[67.7, 65.1, 7.4, 6.7]
[68.5, 63.3, 7.4, 7.8]
[70.5, 63.8, 5.5, 5.7]
[28.8, 30.1, 4.1, 4.1]
[2.0, 1.0, 0.0, 0.0]
[61.8, 59.8, 7.9, 4.4]
[68.5, 65.9, 9.6, 6.4]
[66.9, 67.7, 5.6, 6.5]
[64.8, 66.9, 10.8, 6.5]
[65.9, 65.4, 7.6, 4.3]
[12.4, 10.6, 3.0, 2.0]
[8.1, 7.0, 0.0, 1.0]
[69.1, 69.3, 11.7, 6.9]
[66.7, 68.2, 6.7, 10.8]
[66.2, 66.9, 6.5, 6.7]
[64.7, 68.7, 6.5, 9.8]