Starting measuring cpu utilization percentages
Each number represents the percentage of cpu used per cpu.
[0.0, 0.0, 0.0, 0.0]
[89.8, 90.5, 10.6, 7.3]
[73.3, 70.5, 6.5, 9.1]
[1.0, 0.0, 1.0, 2.0]
[38.5, 35.9, 5.3, 4.3]
[97.1, 88.2, 7.2, 12.5]
[92.6, 89.6, 12.6, 9.8]
[96.1, 88.2, 12.6, 11.6]
[95.2, 88.0, 8.2, 9.4]
[63.1, 59.0, 9.6, 8.6]
[0.0, 0.0, 0.0, 1.0]
[53.8, 53.9, 3.4, 4.4]
[90.7, 93.2, 9.4, 5.9]
[90.8, 90.7, 11.8, 11.6]
[92.3, 95.2, 11.8, 11.5]
[89.9, 91.7, 9.5, 12.5]
[41.3, 41.2, 6.4, 4.3]
[2.0, 1.0, 2.0, 1.0]
[75.2, 71.7, 7.8, 5.6]
[97.1, 90.7, 10.2, 12.9]
[93.3, 90.8, 10.1, 7.8]
[93.5, 91.5, 2.4, 4.7]
[93.4, 92.3, 12.1, 8.9]
[25.3, 25.7, 2.1, 2.1]
[4.2, 3.0, 3.0, 3.0]
[88.7, 91.5, 12.9, 10.2]
[90.7, 93.3, 10.8, 9.0]
[91.6, 92.2, 14.0, 6.0]
[92.4, 95.2, 12.8, 8.0]
[92.5, 93.3, 10.8, 10.1]
[3.0, 2.0, 1.0, 0.0]
[17.2, 18.8, 0.0, 1.1]
[88.8, 89.8, 15.4, 8.1]
[92.5, 92.5, 14.0, 16.5]
[97.1, 93.4, 15.9, 12.4]
[94.2, 92.3, 11.6, 3.6]
[75.7, 74.8, 8.0, 8.9]
[1.0, 3.0, 2.0, 1.0]
[39.8, 37.3, 4.2, 5.1]
[96.1, 91.7, 11.0, 7.6]
[93.4, 89.2, 8.9, 5.4]
[96.1, 89.7, 2.4, 4.3]
[93.5, 89.8, 8.9, 7.7]
[58.3, 58.1, 7.4, 7.2]
[1.1, 0.0, 2.0, 2.0]
[58.7, 55.2, 5.9, 7.6]
[93.4, 87.3, 17.9, 10.1]
[92.4, 85.3, 13.9, 8.2]
[93.1, 87.4, 15.0, 10.3]
[95.2, 86.7, 12.5, 9.2]