Starting measuring cpu utilization percentages
Each number represents the percentage of cpu used per cpu.
[0.0, 0.0, 0.0, 0.0]
[61.4, 54.7, 7.8, 5.2]
[61.6, 53.3, 10.6, 7.1]
[63.4, 55.0, 9.7, 6.3]
[62.5, 51.1, 6.5, 4.1]
[35.5, 28.1, 7.1, 0.0]
[0.0, 1.0, 1.0, 1.0]
[48.1, 48.5, 7.3, 4.3]
[60.8, 60.0, 12.5, 7.6]
[59.1, 57.8, 12.5, 16.0]
[58.2, 59.2, 12.4, 7.5]
[58.7, 56.8, 6.5, 4.4]
[22.1, 20.5, 3.1, 3.0]
[2.0, 2.0, 2.0, 1.0]
[57.1, 57.7, 10.0, 6.6]
[58.7, 60.3, 6.3, 4.5]
[56.9, 59.3, 11.8, 7.6]
[55.7, 61.1, 9.1, 9.5]
[56.8, 60.3, 10.9, 4.5]
[8.0, 9.6, 3.0, 1.0]
[14.0, 10.5, 0.0, 1.0]
[60.5, 56.1, 4.3, 6.4]
[61.1, 57.9, 7.4, 7.4]
[63.0, 55.8, 12.1, 9.5]
[61.6, 57.7, 8.3, 7.4]
[55.0, 51.5, 7.3, 3.3]
[2.0, 1.0, 1.0, 2.0]
[24.6, 27.2, 4.1, 1.1]
[60.0, 59.7, 8.5, 6.6]
[62.2, 59.3, 14.4, 11.7]
[57.4, 58.7, 8.5, 6.5]
[56.0, 60.8, 14.0, 7.4]
[43.1, 42.5, 5.3, 3.2]
[0.0, 0.0, 2.0, 2.0]
[37.9, 39.7, 8.2, 9.5]
[56.7, 61.2, 7.4, 9.9]
[56.1, 59.7, 6.3, 13.5]
[56.1, 59.2, 6.3, 7.8]
[57.7, 60.7, 12.1, 8.8]
[29.6, 33.3, 4.1, 7.2]
[1.0, 0.0, 0.0, 0.0]
[51.1, 47.8, 5.3, 6.4]
[60.1, 55.0, 7.4, 9.6]
[61.6, 56.5, 7.5, 10.8]
[63.8, 51.9, 10.3, 12.5]
[61.5, 54.7, 8.3, 4.4]
[16.8, 14.2, 3.0, 2.0]
[1.0, 2.0, 0.0, 0.0]
[60.0, 58.2, 11.6, 7.4]
[60.1, 58.9, 14.3, 12.4]