Starting measuring cpu utilization percentages
Each number represents the percentage of cpu used per cpu.
[0.0, 0.0, 0.0, 0.0]
[71.8, 67.8, 9.9, 6.5]
[2.0, 1.0, 1.0, 1.0]
[28.3, 29.8, 4.2, 3.2]
[76.7, 81.0, 7.7, 7.9]
[79.3, 80.2, 8.7, 11.0]
[75.8, 79.5, 7.6, 5.7]
[76.7, 79.7, 9.8, 6.9]
[54.9, 58.4, 4.3, 8.5]
[2.0, 0.0, 2.0, 1.0]
[46.3, 42.6, 1.1, 3.3]
[78.6, 76.9, 9.0, 8.0]
[79.3, 75.8, 8.8, 8.0]
[79.8, 74.8, 8.9, 8.0]
[79.0, 75.2, 7.8, 5.7]
[45.7, 42.1, 3.2, 5.3]
[1.0, 1.0, 0.0, 0.0]
[60.0, 56.2, 6.3, 7.7]
[79.8, 77.1, 10.5, 10.1]
[80.5, 77.6, 12.6, 15.6]
[80.9, 75.8, 5.5, 5.8]
[81.4, 80.3, 10.4, 12.4]
[26.7, 24.3, 6.1, 4.1]
[2.0, 2.0, 1.0, 0.0]
[72.9, 72.9, 7.1, 3.4]
[80.0, 79.5, 12.8, 8.6]
[76.7, 76.9, 12.5, 9.6]
[76.7, 78.3, 12.8, 6.7]
[76.5, 78.2, 9.4, 5.6]
[7.9, 6.0, 3.0, 2.0]
[13.3, 13.6, 2.0, 4.0]
[81.2, 78.0, 9.0, 5.6]
[76.8, 76.9, 12.6, 3.4]
[77.3, 77.1, 8.9, 10.5]
[79.7, 77.3, 9.8, 5.5]
[70.5, 70.7, 5.6, 7.5]
[0.0, 0.0, 1.0, 1.0]
[30.2, 32.1, 7.3, 5.3]
[76.9, 76.9, 10.3, 9.3]
[75.7, 78.5, 12.1, 7.1]
[76.5, 79.2, 10.2, 10.2]
[76.2, 78.4, 10.1, 12.4]
[53.0, 55.7, 4.4, 4.4]
[0.0, 1.0, 1.0, 0.0]
[49.6, 46.8, 6.3, 2.2]
[79.7, 78.3, 7.9, 11.8]
[78.8, 77.5, 6.7, 3.4]
[78.3, 77.2, 6.7, 8.8]
[76.5, 78.0, 6.9, 8.9]
[38.9, 38.9, 5.2, 1.1]