Starting measuring cpu utilization percentages
Each number represents the percentage of cpu used per cpu.
[0.0, 0.0, 0.0, 0.0]
[36.4, 39.4, 5.2, 3.2]
[0.0, 0.0, 1.0, 3.0]
[65.5, 65.8, 6.4, 5.8]
[81.7, 81.9, 5.5, 8.2]
[81.7, 81.6, 13.4, 12.6]
[81.2, 81.7, 5.5, 6.0]
[81.5, 81.0, 6.5, 6.0]
[19.8, 21.4, 3.0, 3.1]
[3.0, 0.0, 3.0, 1.0]
[79.3, 76.9, 3.6, 4.3]
[81.9, 78.8, 9.4, 7.4]
[81.2, 78.5, 10.3, 7.4]
[81.4, 79.7, 12.5, 3.3]
[85.0, 80.2, 8.1, 4.3]
[4.3, 3.9, 1.0, 1.0]
[20.4, 16.8, 1.0, 3.1]
[80.8, 78.3, 11.1, 9.2]
[82.8, 78.0, 14.0, 8.0]
[84.2, 78.6, 10.0, 9.1]
[81.2, 79.7, 6.9, 5.7]
[68.4, 66.4, 9.7, 6.7]
[1.0, 1.0, 1.0, 1.0]
[37.1, 34.0, 3.2, 4.3]
[83.2, 81.7, 10.0, 7.1]
[81.7, 81.0, 7.8, 11.1]
[80.5, 80.3, 4.6, 5.9]
[80.5, 81.0, 7.8, 8.0]
[52.3, 53.2, 7.3, 4.4]
[2.1, 1.0, 1.0, 0.0]
[54.6, 53.2, 2.2, 1.1]
[81.2, 79.3, 9.1, 7.6]
[82.5, 79.0, 9.0, 4.5]
[84.8, 79.7, 12.2, 5.6]
[84.8, 78.2, 6.8, 4.5]
[35.0, 34.0, 4.3, 6.3]
[2.0, 2.0, 1.0, 1.0]
[69.6, 70.5, 7.5, 11.5]
[80.3, 80.9, 9.6, 7.2]
[82.8, 80.7, 6.7, 7.4]
[79.2, 80.8, 7.5, 9.3]
[79.5, 80.9, 7.7, 9.4]
[17.1, 17.1, 3.1, 1.1]
[7.0, 5.0, 1.0, 1.0]
[82.9, 80.2, 15.4, 9.2]
[84.7, 80.0, 11.5, 14.0]
[79.1, 79.5, 9.2, 11.0]
[81.5, 79.8, 12.4, 5.8]
[77.8, 75.6, 12.1, 4.6]
[1.0, 2.0, 1.0, 2.0]