Starting measuring cpu utilization percentages
Each number represents the percentage of cpu used per cpu.
[0.0, 0.0, 0.0, 0.0]
[84.7, 90.6, 11.6, 9.2]
[84.1, 90.7, 12.6, 10.5]
[86.5, 91.6, 8.3, 5.8]
[48.1, 49.5, 6.5, 5.3]
[0.0, 1.0, 0.0, 0.0]
[61.9, 57.4, 6.8, 6.7]
[91.7, 82.8, 9.6, 9.3]
[91.7, 81.6, 7.5, 7.1]
[93.4, 81.4, 16.1, 13.6]
[93.2, 83.0, 12.9, 4.9]
[35.8, 32.1, 5.3, 4.2]
[0.0, 1.0, 1.0, 1.0]
[79.1, 78.7, 12.0, 8.0]
[92.4, 88.9, 12.4, 12.6]
[89.8, 87.4, 7.0, 4.8]
[87.4, 84.4, 5.8, 4.8]
[86.6, 88.2, 8.0, 4.8]
[12.1, 13.7, 4.1, 4.0]
[8.4, 8.1, 4.0, 5.0]
[84.5, 90.0, 11.9, 10.2]
[82.6, 88.2, 14.3, 7.1]
[82.1, 89.7, 11.0, 9.1]
[84.1, 89.8, 8.6, 5.8]
[80.2, 85.3, 6.2, 9.9]
[2.0, 0.0, 0.0, 0.0]
[26.0, 28.2, 3.2, 4.1]
[89.0, 86.2, 11.5, 5.7]
[88.2, 85.7, 7.3, 6.8]
[91.5, 86.1, 14.0, 14.1]
[94.3, 87.0, 7.3, 4.7]
[66.0, 62.3, 9.1, 7.6]
[2.0, 1.0, 1.0, 2.0]
[51.0, 45.8, 3.3, 3.3]
[91.7, 83.3, 10.3, 11.2]
[90.7, 83.3, 3.7, 4.7]
[90.7, 83.3, 9.3, 9.2]
[93.3, 83.8, 9.2, 9.1]
[46.6, 43.0, 7.4, 5.3]
[3.1, 1.0, 1.0, 3.0]
[68.6, 67.0, 4.3, 7.9]
[85.6, 88.8, 5.6, 11.4]
[86.5, 91.4, 12.0, 12.6]
[86.2, 89.1, 5.6, 7.1]
[91.7, 91.6, 14.6, 14.4]
[26.7, 25.5, 3.1, 1.1]
[1.0, 2.0, 1.0, 1.0]
[82.7, 80.0, 8.4, 7.4]
[89.1, 86.8, 9.4, 14.3]
[90.6, 87.2, 14.3, 14.6]