Random waveform, supplied seed
Total number of intervals = 225 (5031, 54838, 74868, 30015, 40743, 23648, 97712, 53672, 55395, 29425, 15173, 82475, 90555, 47944, 28313, 28504, 22886, 35717, 14828, 81704, 55771, 85226, 75020, 12441, 56208, 17446, 86943, 49138, 49839, 47752, 27181, 6170, 7187, 99387, 91970, 79658, 59230, 78081, 64242, 37702, 40686, 30376, 38416, 65892, 39560, 10016, 55224, 19982, 48114, 36283, 23315, 11150, 98724, 56880, 13467, 99368, 46206, 71651, 22741, 56654, 99570, 23047, 70008, 42943, 46704, 75970, 21917, 82027, 81583, 14259, 7821, 17727, 65559, 41133, 28693, 53141, 54512, 14835, 98446, 38117, 77994, 30209, 68315, 91940, 49308, 46880, 92540, 49396, 97841, 35404, 80451, 87228, 75554, 57964, 83546, 55468, 34203, 37629, 34577, 47426, 58845, 66993, 10977, 51529, 48344, 5902, 71602, 41886, 47456, 93939, 16890, 45689, 32790, 44044, 28149, 39739, 72475, 93882, 6692, 50406, 83055, 55609, 16968, 43031, 17236, 82183, 42212, 12244, 61777, 36984, 29093, 41715, 34838, 63574, 24401, 32025, 98971, 23657, 67877, 53849, 79536, 17081, 39024, 26125, 33388, 20979, 95865, 73949, 60987, 54175, 51484, 39771, 32864, 42033, 43808, 45785, 35582, 38504, 15320, 74264, 43890, 5962, 38365, 55971, 23217, 87681, 91728, 96668, 80475, 27150, 53444, 23737, 87776, 82175, 98548, 37704, 64701, 69089, 89785, 16676, 69604, 99682, 97693, 17381, 40069, 8841, 56576, 21599, 53003, 19831, 80340, 28765, 25572, 37071, 75819, 44359, 95960, 59630, 47930, 65545, 94038, 51806, 48712, 13115, 76569, 19372, 59331, 62597, 37702, 41975, 26100, 82500, 50756, 66696, 53364, 10413, 64876, 69079, 19447, 81182, 25265, 9699, 48659, 75126, 96559)
Average QPS expected = 50540
Timestamp start: 1622152774202
Timestamp end: 1622154574820

#type       avg     std     min      p5     p10     p50     p67     p75     p80     p85     p90     p95     p99    p999   p9999      QPS   target
read      418.7   707.5    93.8   174.3   219.2   366.9   421.2   452.1   475.5   508.0   551.2   635.7  1360.8  7754.6 32522.2   5002.1     5031
read      558.9  1030.8    74.4   136.2   161.8   399.3   514.9   588.0   647.6   731.0   882.8  1360.2  3461.5 11830.5 32388.2  54720.2    54838
read      506.7   929.4    74.4   137.7   167.2   395.3   492.5   550.1   598.8   664.7   761.7   981.9  2373.2 12366.4 32250.1  74737.1    74868
read      596.7   794.5    74.4   131.6   154.4   399.0   568.0   745.9   952.5  1152.7  1306.7  1485.0  2106.7  8996.8 31358.5  30121.4    30015
read      551.4   865.2    74.4   134.9   159.7   398.9   521.6   603.6   672.3   771.4  1017.1  1491.3  2534.5 10214.8 31654.9  40671.6    40743
read      592.7   904.3    74.4   129.6   152.9   408.0   583.7   765.1   916.3  1058.8  1192.9  1350.6  2238.5 10924.1 31976.7  23579.9    23648
read      609.6   794.1    74.4   236.8   301.4   501.0   590.7   664.6   730.7   813.2   919.4  1082.5  2326.8  9204.2 31682.7  97576.8    97712
read      544.2   890.3    68.9   135.6   162.3   392.9   505.5   580.7   641.8   730.7   906.5  1489.1  2801.8 11051.9 32145.1  53643.1    53672
read      531.5   862.8    74.4   133.2   158.9   383.4   496.2   569.6   629.0   712.1   878.2  1467.6  2669.2  9617.2 31721.4  55404.6    55395
read      586.7   740.4    74.4   130.0   152.8   400.7   564.9   724.3   950.3  1145.8  1294.2  1466.9  1959.4  8656.7 30705.4  29461.6    29425
read      484.4   783.6    74.4   131.5   155.4   393.7   496.0   565.1   626.6   710.8   820.2   988.0  1635.9 10701.6 32497.9  15246.0    15173
read      529.1  1003.3    74.4   146.0   179.9   417.5   509.1   565.0   612.2   679.0   780.8   965.1  3181.8 11109.4 32460.1  82510.0    82475
read      534.2   815.0    74.4   157.9   200.9   441.9   531.5   589.2   640.2   716.3   826.4  1009.9  1994.4  9514.9 31789.7  90642.8    90555
read      624.2  1063.2    74.4   134.9   159.2   388.9   517.5   622.2   740.0  1046.7  1428.2  1826.4  3395.6 11212.5 36474.8  48052.5    47944
read      567.6   825.4    74.4   130.8   152.8   397.6   548.8   673.4   830.2  1030.5  1213.6  1402.2  2019.9  7913.6 31742.3  28289.1    28313
read      589.8   842.2    74.4   130.7   152.6   396.7   560.4   713.6   926.6  1122.5  1272.8  1443.0  2072.5  8827.8 32004.1  28464.9    28504
read      510.2   849.2    80.4   129.8   150.9   387.4   501.3   571.5   631.8   724.5   884.6  1199.2  2785.9  8458.6 31929.3  22964.5    22886
read      561.7   821.2    74.4   128.5   150.0   379.5   518.1   625.9   748.9  1019.7  1280.7  1496.8  2176.5  7937.2 31827.9  35897.6    35717
read      507.9   922.5    80.4   133.9   158.0   397.7   500.7   573.3   636.4   723.4   832.9  1000.1  2461.6 10006.9 36289.8  14824.0    14828
read      460.6   685.5    74.4   138.8   167.0   379.3   472.7   532.4   579.6   639.7   728.1   897.4  1707.8  8539.6 31503.0  81667.0    81704
read      624.6  1153.4    74.4   138.0   165.6   388.5   507.0   602.1   699.5   906.4  1361.0  1801.3  4118.8 12384.0 36066.1  55767.2    55771
read      449.1   522.5    74.4   139.3   167.7   381.0   475.2   534.7   581.1   640.3   730.0   893.9  1592.7  5744.9 25708.9  85143.6    85226
read      587.2  1138.5    74.4   147.3   182.9   415.9   514.0   581.4   638.4   722.3   850.7  1251.0  4942.8 12318.1 35236.7  75042.2    75020
read      489.8   973.2    80.4   135.8   161.4   392.2   487.0   552.7   609.5   682.1   773.2   922.8  2493.7  9404.2 36147.3  12387.4    12441
read      600.4  1081.8    74.4   135.8   162.3   381.1   497.1   582.4   663.1   806.1  1269.5  1749.4  4285.6  9932.2 35584.3  56181.9    56208
read      496.7   673.4    80.4   131.8   155.1   397.3   508.2   585.9   659.9   761.5   888.6  1095.1  1829.8  7215.1 31044.0  17378.4    17446
read      456.2   618.3    74.4   142.0   172.1   387.4   478.9   535.8   581.5   640.1   727.4   881.5  1525.8  7626.0 30487.2  86879.4    86943
read      650.8  1182.2    74.4   136.5   162.1   395.2   525.7   637.5   771.1  1097.4  1448.0  1839.4  4332.5 15469.3 35443.8  49109.0    49138
read      632.4  1102.1    74.4   135.4   160.3   387.4   510.5   618.9   740.4  1080.8  1449.3  1839.5  3820.9 10966.0 32488.9  49718.1    49839
read      638.0  1146.0    74.4   137.2   162.7   395.2   524.7   628.9   739.7  1042.3  1423.2  1791.1  3984.5 14284.4 35685.8  47786.4    47752
read      575.5  1042.3    74.4   131.8   154.7   399.6   531.2   622.8   709.9   869.1  1136.8  1413.5  3370.8 11842.2 32372.2  27244.6    27181
read      542.3  1622.9    86.8   156.1   198.0   364.3   434.7   477.1   510.7   552.6   613.6   758.2  5134.2 30664.6 42081.1   6230.1     6170
read      467.9  1031.0    80.4   148.4   187.8   373.7   454.4   504.0   540.0   583.6   639.5   737.2  2037.8 16783.8 37494.0   7233.8     7187
read      604.4   606.0    80.4   253.2   323.5   526.4   602.6   667.2   735.0   833.0   949.3  1088.5  1459.7  7498.1 29232.2  99191.6    99387
read      452.7   453.9    68.9   147.2   180.8   397.9   490.0   545.3   590.8   650.6   737.7   887.0  1356.4  5355.6 15424.3  91801.0    91970
read      474.3   734.1    74.4   138.6   168.5   387.9   485.6   545.5   593.6   657.5   744.4   918.2  1777.1  9068.8 31599.1  79650.0    79658
read      688.8  1263.7    74.4   147.5   181.1   419.7   542.8   641.1   746.3   988.2  1506.1  1933.5  5276.0 15476.6 35695.7  59140.0    59230
read      568.9  1091.4    74.4   150.7   187.8   418.9   514.7   580.2   635.7   713.7   831.3  1151.7  4299.7 12652.8 33376.8  77952.0    78081
read      653.5  1344.0    74.4   146.7   182.0   417.9   525.6   603.3   673.1   781.1  1081.1  1729.8  5415.8 16706.0 37566.6  64372.8    64242
read      595.5   864.8    74.4   133.2   156.0   393.6   534.1   659.7   820.4  1151.3  1370.7  1602.3  2365.8  8875.4 32388.7  37812.4    37702
read      609.9   994.1    74.4   136.7   160.3   394.7   532.7   649.0   783.0  1101.4  1382.7  1672.4  2599.0 11966.2 32230.2  40707.1    40686
read      606.1   952.9    74.4   136.1   160.3   408.8   554.2   674.2   808.1  1067.1  1312.6  1538.6  2875.8 10648.0 32258.6  30347.1    30376
read      577.1   858.4    74.4   128.1   149.8   380.7   514.6   625.8   754.3  1050.1  1327.2  1594.1  2490.3  8120.8 31981.6  38480.0    38416
read      767.2  1429.1    74.4   167.3   218.3   447.6   576.2   700.2   843.9  1309.9  1622.4  1960.8  5530.5 25259.3 37169.3  65926.2    65892
read      611.6   960.8    74.4   129.9   153.2   384.4   523.9   658.0   863.6  1183.7  1403.0  1664.5  2957.2  8861.1 35173.1  39456.6    39560
read      475.3   960.4    80.4   137.1   166.4   378.6   457.4   510.2   554.4   614.0   694.3   815.2  2568.3 10885.6 34797.1  10014.6    10016
read      645.9  1175.4    74.4   136.3   162.9   383.3   513.4   626.9   761.4  1098.5  1466.1  1823.6  5133.9 12640.8 36548.1  55151.2    55224
read      495.0   827.2    74.4   127.5   148.8   385.2   494.8   564.6   628.0   728.0   876.5  1089.2  1915.1  8152.8 32375.4  19971.2    19982
read      616.4  1057.5    74.4   133.3   157.1   383.5   510.9   617.2   735.0  1035.6  1397.7  1744.0  3931.8 10563.9 34050.7  48099.9    48114
read      555.3   819.9    74.4   126.8   148.1   374.9   508.2   612.8   727.0   978.4  1270.8  1502.7  2283.0  7780.5 31970.6  36202.6    36283
read      491.8   844.2    74.4   125.7   146.6   375.4   490.8   563.1   623.6   718.6   878.8  1145.4  1913.0  7756.2 32270.6  23290.8    23315
read      541.7  1415.1    80.4   137.1   162.7   383.6   466.7   525.2   573.7   640.3   744.4   965.9  4005.7 29119.1 37687.4  11185.4    11150
read      521.6   476.0    74.4   180.8   233.7   467.2   549.0   604.3   653.7   728.5   838.7   993.9  1341.9  5527.4 17971.8  98770.6    98724
read      658.9  1204.4    74.4   142.3   172.4   405.7   527.7   626.5   733.2   978.1  1434.5  1847.7  4741.1 15286.5 35634.4  56861.6    56880
read      471.4   793.7    80.4   134.0   158.2   388.7   477.8   534.6   580.5   643.0   737.3   898.8  2171.0  8576.7 33223.6  13414.0    13467
read      543.4   621.3    74.4   183.1   238.5   483.1   563.7   616.7   666.1   740.1   859.4  1037.4  1380.9  8613.8 29291.7  99360.5    99368
read      587.9   903.5    74.4   133.1   156.3   380.2   510.4   617.2   729.3  1016.3  1361.8  1688.7  2812.9  7627.9 32149.4  46223.9    46206
read      647.6  1380.1    74.4   152.8   193.1   420.7   519.0   590.6   657.1   747.4   908.2  1587.0  5672.2 18305.2 36370.0  71516.4    71651
read      496.3   865.8    74.4   130.2   151.9   385.5   496.2   561.3   613.0   686.6   806.6  1069.3  2813.6  9861.5 32165.0  22773.1    22741
read      633.1  1243.1    74.4   137.9   165.8   394.6   512.0   601.0   688.6   870.1  1334.0  1778.1  4894.7 17250.2 37207.2  56675.1    56654
read      555.5   566.9    80.4   203.3   265.0   490.6   572.5   631.5   689.0   771.2   882.8  1038.1  1384.4  6412.1 28312.9  99568.6    99570
read      490.6   934.1    74.4   125.9   146.6   379.9   491.1   560.5   617.3   694.5   828.6  1104.3  1809.7 13383.3 34232.8  22966.8    23047
read      632.0  1345.8    74.4   148.9   186.4   425.6   521.5   589.0   649.5   739.7   893.2  1526.7  5515.4 18398.5 36349.1  70022.4    70008
read      582.0   809.6    74.4   129.2   152.0   379.6   508.0   620.9   751.0  1090.3  1381.1  1690.3  2452.1  7962.4 31492.3  43022.6    42943
read      608.4  1133.6    74.4   130.2   153.2   372.3   498.8   599.6   709.7  1012.5  1380.7  1731.9  3528.4 12746.6 35655.4  46688.1    46704
read      578.5  1183.9    74.4   146.9   183.3   422.7   517.8   579.9   632.9   710.1   829.2  1121.8  4688.7 15115.6 36225.2  76044.6    75970
read      492.0   933.4    74.4   127.6   148.1   378.3   489.5   559.0   615.7   694.5   820.3  1066.0  1959.3 13021.3 32104.0  21933.5    21917
read      471.8   618.8    74.4   141.6   172.7   395.7   491.9   549.4   597.1   661.1   749.2   920.1  1672.6  8065.1 28239.3  82214.6    82027
read      460.5   604.4    74.4   139.9   168.9   385.5   483.6   543.9   590.9   651.7   738.4   908.0  1617.2  7541.6 28659.6  81417.4    81583
read      473.1   773.4    74.4   132.8   156.0   393.6   486.2   546.4   596.8   668.6   769.1   926.8  1543.7  9823.1 34248.8  14200.4    14259
read      449.3   997.1    80.4   146.7   181.4   367.6   433.7   474.7   507.9   550.4   612.9   719.2  1847.7 13850.5 39084.8   7803.9     7821
read      567.3  1121.8    74.4   131.8   156.6   409.6   538.3   639.7   740.5   859.0   995.0  1214.2  3273.4 12401.5 37069.5  17711.0    17727
read      599.9  1096.0    68.9   141.5   174.4   416.3   524.9   599.8   666.2   761.2   961.5  1623.2  4040.7 12291.3 36145.8  65497.5    65559
read      574.8   888.5    68.9   130.1   153.6   382.9   516.4   624.7   736.5   985.5  1314.1  1581.8  2285.3  9434.6 32039.2  41089.2    41133
read      614.7   886.8    74.4   130.5   154.7   413.2   591.8   777.4   963.7  1154.4  1306.1  1479.4  2386.9 10921.3 32446.3  28713.4    28693
read      597.0   919.3    74.4   132.5   156.9   366.7   497.8   616.2   758.0  1096.2  1426.7  1762.1  2722.9  9363.8 31883.6  53202.5    53141
read      612.3   982.8    74.4   133.7   159.6   377.3   504.3   613.7   737.0  1047.1  1444.4  1842.0  2831.1 11947.9 32299.1  54463.2    54512
read     2573.4 37769.5    74.4   141.2   170.5   457.3   648.3   797.3   919.4  1210.3  1931.1  3430.7 14925.6 921068.6 1099378.8  14807.8    14835
read      836.1  1775.0   101.3   366.0   400.2   562.3   707.4   839.2   926.6  1035.8  1221.8  2149.7  3545.4 30272.4 89080.0  98373.5    98446
read      601.2  1255.4    74.4   136.6   164.7   424.3   533.7   614.6   712.8   892.5  1156.0  1481.7  2516.9 25387.2 36769.6  37951.4    38117
read      468.9   601.1    74.4   138.1   166.3   388.1   487.0   549.3   599.8   665.3   757.5   956.2  1845.7  7017.1 29219.6  78036.5    77994
read      615.1   920.7    74.4   131.2   155.2   407.0   573.6   728.6   940.8  1163.8  1319.1  1492.7  2381.8 10711.7 31732.3  30185.1    30209
read      808.7  1661.8    74.4   175.7   234.3   475.3   598.4   705.6   809.4   995.0  1500.6  1961.3  8384.0 28634.6 38948.2  68329.6    68315
read      486.5   527.2    74.4   152.4   191.9   427.2   522.8   579.9   626.0   687.7   784.6   961.0  1460.4  5568.3 27932.9  92009.6    91940
read      634.4   961.2    74.4   133.8   159.9   397.5   536.3   664.3   836.7  1194.2  1492.8  1832.9  2806.7  9783.7 31948.3  49233.9    49308
read      617.2   762.1    74.4   134.9   160.2   397.6   537.6   669.1   855.0  1211.8  1496.2  1830.5  2578.9  6300.0 29394.0  46906.0    46880
read      488.6   599.9    74.4   151.8   191.3   422.7   513.7   569.0   613.9   677.2   778.2   953.5  1615.6  7621.7 30378.4  92619.9    92540
read      709.8   998.4    74.4   148.1   180.6   438.7   590.0   744.7   984.9  1353.3  1681.7  2121.9  3166.5 10673.3 32181.8  49404.8    49396
read      556.7   632.0    74.4   179.8   237.1   482.4   572.0   625.1   675.7   759.3   884.5  1077.5  1805.5  8740.3 30187.5  97780.2    97841
read      609.2   926.5    74.4   129.2   152.0   395.9   549.6   701.6   901.8  1171.5  1360.6  1584.4  2466.9 10165.3 32473.4  35332.1    35404
read      475.3   659.8    74.4   140.8   170.9   394.1   487.0   544.1   590.6   655.6   750.7   945.7  1936.2  7532.3 30618.2  80435.4    80451
read      460.6   557.2    74.4   140.5   171.8   395.7   493.3   551.1   596.2   656.8   742.2   907.7  1467.0  6517.4 24667.5  87282.4    87228
read      507.4   794.4    74.4   133.2   160.0   383.8   485.1   550.1   604.5   676.3   785.1  1147.9  3073.0  7970.5 31261.2  75435.2    75554
read     1689.7 12980.2   101.3   379.1   415.3   582.8   863.6  1028.7  1411.3  2169.2  2765.1  3985.8 17718.4 68344.2 844294.1  58020.5    57964
read      511.6   484.8    74.4   170.0   225.8   455.2   528.4   587.2   648.6   734.1   832.9   947.8  1369.7  5861.3 19389.2  83538.5    83546
read      547.6  1015.7    74.4   132.6   158.7   388.1   496.1   568.9   629.2   716.1   880.4  1444.3  3003.2 12901.7 35457.1  55583.9    55468
read      591.8   671.6    74.4   131.1   154.8   405.9   557.8   702.2   914.2  1191.9  1370.0  1576.1  2005.0  6285.5 20473.2  34121.5    34203
read      636.4  1018.7    74.4   131.7   156.2   401.2   547.4   684.3   898.8  1228.3  1426.4  1674.6  3220.6 12524.8 32477.2  37616.2    37629
read      598.5   849.6    74.4   128.3   151.0   395.2   543.1   684.7   893.7  1177.2  1361.6  1570.9  2257.4  7665.1 35786.5  34494.4    34577
read      644.3  1096.3    74.4   130.7   155.8   391.5   526.4   642.1   784.5  1141.7  1476.2  1838.3  4295.4 11006.9 36752.6  47306.9    47426
read      701.1  1271.1    74.4   146.4   179.3   415.3   546.7   670.3   818.6  1208.0  1531.0  1914.2  5272.0 16793.0 37094.7  58844.1    58845
read      774.9  1449.8    74.4   165.9   216.4   454.6   582.3   701.6   829.0  1178.9  1619.2  2048.4  5523.9 24225.0 38086.2  67020.9    66993
read      415.1   610.1    74.4   131.9   159.2   354.3   428.2   472.7   511.8   563.3   634.0   750.8  1268.5  9197.5 24302.3  10947.0    10977
read      559.1   963.9    68.9   129.1   153.1   375.2   493.4   578.3   655.4   787.4  1165.9  1613.7  2700.8 11977.4 32257.6  51621.1    51529
read      661.1  1086.9    74.4   134.9   161.1   398.9   543.0   686.5   901.6  1256.1  1509.6  1832.5  3727.6 11799.7 35425.7  48369.8    48344
read      461.1  1165.2    80.4   158.8   197.4   353.4   412.4   451.4   478.5   513.0   562.7   650.3  2556.1 18165.8 39758.4   5996.5     5902
read      529.1   991.3    74.4   138.5   168.4   402.2   499.8   559.6   607.9   674.5   778.9  1021.5  3459.2 12122.6 32155.5  71506.2    71602
read      588.2   872.9    74.4   130.3   153.5   386.2   521.8   634.2   760.4  1067.8  1363.1  1648.3  2481.6  8485.7 32241.5  41816.9    41886
read      644.8   896.9    74.4   133.6   158.7   397.7   545.3   712.1   982.4  1298.9  1525.6  1811.1  2759.5  8126.4 31374.5  47440.9    47456
read      522.9   674.1    74.4   164.2   210.8   454.3   538.0   589.5   636.7   708.0   819.4  1004.1  1600.7  8672.8 30603.9  94056.5    93939
read      428.8   655.9    80.4   130.6   152.4   377.6   463.1   510.3   548.3   595.2   664.3   790.9  1257.7  7941.7 31140.4  16859.5    16890
read      598.3  1017.4    74.4   132.1   155.8   386.3   510.4   608.0   706.1   954.7  1359.6  1736.9  2729.4 13460.8 34291.8  45754.2    45689
read      603.1   907.3    74.4   131.1   154.3   397.8   548.8   682.4   870.6  1140.9  1338.9  1552.9  2430.3  8958.2 31837.2  32651.4    32790
read      625.0  1008.1    74.4   134.0   157.7   393.1   530.7   659.0   833.8  1190.4  1454.4  1751.8  2802.4 10243.5 32517.3  44051.4    44044
read      501.3   644.4    74.4   127.0   147.4   376.6   500.7   583.7   655.4   781.9  1007.1  1309.3  1844.2  6642.4 30187.2  28075.9    28149
read      584.4   807.2    74.4   127.9   149.5   374.1   519.4   663.6   880.1  1177.4  1378.3  1604.8  2215.2  7715.2 31404.3  39811.0    39739
read      813.8  1835.6    74.4   202.5   264.5   477.6   582.0   663.6   738.8   841.9  1037.3  1845.2  8579.0 30746.2 38542.2  72517.0    72475
read      462.6   463.5    74.4   149.3   185.1   406.3   500.1   556.4   602.6   662.4   744.9   903.1  1430.8  5301.6 15747.8  94002.5    93882
read      402.6   736.2    86.8   156.3   192.6   351.0   399.7   431.0   453.6   480.2   522.6   596.2  1207.4  8454.3 31860.7   6758.0     6692
read      550.9   966.8    74.4   134.0   158.9   388.4   503.9   581.2   645.6   740.9   952.7  1486.7  2849.9 10678.7 32414.2  50365.5    50406
read      466.4   612.3    74.4   142.1   172.7   398.8   491.8   546.9   591.9   653.1   741.7   912.7  1598.4  6372.9 29612.1  83013.6    83055
read      595.6  1260.0    74.4   135.2   162.9   400.1   510.5   584.2   645.1   730.9   873.7  1459.1  5268.6 14527.0 36430.6  55765.5    55609
read      419.5   580.3    74.4   127.3   147.6   369.3   455.9   503.2   541.1   587.8   652.8   781.8  1360.3  6700.9 28922.7  17090.5    16968
read      554.3   924.1    74.4   132.6   156.9   396.1   512.9   596.2   666.9   773.4  1053.2  1495.7  2493.0 12138.2 32324.3  42993.9    43031
read      514.2   891.2    80.4   133.5   156.5   399.7   507.7   579.8   644.6   743.3   869.2  1055.5  2454.6 12036.8 32300.7  17229.0    17236
read      482.0   758.8    74.4   139.2   170.0   395.9   487.8   543.8   589.5   653.5   748.7   928.8  1807.9  9311.7 31467.3  82158.9    82183
read      565.4   819.8    74.4   128.8   150.5   368.7   502.3   608.9   726.8  1016.4  1340.2  1606.4  2356.7  8734.1 31271.0  42209.5    42212
read      518.5  1172.4    74.4   134.6   160.6   384.7   470.0   527.4   575.8   646.7   756.7  1000.9  3599.3 18547.1 33967.1  12227.2    12244
read      589.6  1293.8    68.9   138.3   167.2   398.6   501.6   571.2   629.8   713.5   856.7  1437.2  5170.3 20269.2 36329.6  61804.0    61777
read      592.8   918.8    74.4   129.7   151.9   388.6   529.2   645.5   796.0  1112.7  1351.2  1588.3  2460.2 10636.0 32284.4  36974.6    36984
read      529.2   869.7    74.4   125.2   146.0   375.1   503.8   589.3   670.2   824.5  1085.5  1361.0  2442.3  7501.7 32467.1  29071.6    29093
read      597.8   898.1    74.4   128.6   150.7   386.0   524.1   644.0   800.3  1135.1  1401.8  1681.7  2578.2  8029.3 32075.5  41640.1    41715
read      574.4   856.4    74.4   127.2   149.1   380.2   517.9   631.7   770.6  1052.2  1305.7  1533.7  2535.9  7992.8 31859.4  34831.8    34838
read      765.8  1362.4    74.4   160.7   204.2   444.1   583.7   725.4   906.0  1408.9  1646.9  1996.1  5397.9 20718.4 35608.2  63745.4    63574
read      487.1   689.1    74.4   127.8   148.5   379.4   499.0   575.2   638.5   740.7   912.9  1190.0  1683.2  6856.0 31313.9  24443.8    24401
read      568.2   909.2    74.4   126.7   148.9   383.7   518.1   623.2   733.5   970.7  1254.3  1481.9  2605.6  8065.9 32149.4  31946.6    32025
read      538.9   588.8    74.4   175.7   232.5   476.6   562.5   615.2   662.9   737.7   854.6  1041.3  1562.4  8273.4 27803.7  98847.5    98971
read      455.4   724.6    80.4   127.3   147.9   374.4   482.6   544.5   590.7   653.8   753.7   949.5  1493.3  8944.3 31646.0  23670.4    23657
read      630.2  1372.6    74.4   144.6   179.3   425.7   527.0   595.1   658.3   744.1   883.9  1384.8  5658.5 22513.5 36397.7  67907.4    67877
read      572.1  1136.4    74.4   134.8   160.9   389.2   501.4   576.5   639.2   730.1   934.2  1529.5  3858.9 13405.5 37036.6  53858.1    53849
read      461.4   542.9    74.4   140.4   169.9   393.5   487.1   543.7   590.4   652.1   742.7   925.6  1731.5  5726.0 25237.4  79559.6    79536
read      447.5   547.8    80.4   130.3   151.7   385.2   483.1   540.2   586.5   649.4   748.8   928.0  1456.8  5515.7 29116.5  17107.0    17081
read      567.4  1047.4    74.4   130.0   153.5   387.5   507.3   590.1   660.7   774.2  1115.2  1495.6  3451.0 10235.4 34883.4  38899.5    39024
read      504.9   733.8    74.4   127.4   148.9   379.1   500.1   579.1   645.6   762.9   965.4  1276.4  2003.6  6851.6 31658.6  26070.4    26125
read      549.1   816.7    74.4   127.4   148.3   375.6   515.5   620.5   729.8   945.4  1219.6  1455.1  2184.8  6956.8 31697.1  33566.6    33388
read      511.2   922.0    74.4   127.4   149.0   382.9   500.4   576.0   644.0   757.8   911.7  1146.9  2264.6  9942.7 32270.8  20982.5    20979
read      557.9   797.3    74.4   186.5   245.1   476.2   554.0   611.3   667.1   751.6   864.2  1011.6  1477.5 12017.6 31797.9  95978.0    95865
read      459.9   606.9    74.4   136.4   163.3   385.3   478.5   536.1   582.6   644.5   736.3   920.6  1737.6  6653.0 30502.7  74052.1    73949
read      611.1  1426.5    74.4   136.5   165.3   394.9   495.6   564.1   622.9   705.4   838.8  1404.3  5789.0 25123.2 36187.8  60943.4    60987
read      590.1  1240.7    74.4   133.4   159.6   392.0   499.4   576.4   641.5   738.1   953.6  1558.8  4628.6 14804.5 34011.5  54105.1    54175
read      568.6  1113.5    68.9   134.6   160.7   395.1   505.7   579.8   640.1   726.3   888.6  1444.2  4516.1 13149.5 32493.8  51452.8    51484
read      569.4  1028.9    74.4   130.0   153.7   386.5   506.6   591.5   665.6   785.6  1160.7  1535.9  3284.9 12129.4 32815.3  39851.5    39771
read      579.0   815.3    74.4   130.2   153.7   395.3   540.4   659.6   805.5  1066.3  1294.1  1502.1  2199.3  7831.9 31587.5  32841.6    32864
read      584.0   788.0    74.4   129.7   152.2   377.7   521.6   654.5   822.2  1146.2  1389.1  1642.7  2311.3  6794.1 31355.0  42078.9    42033
read      616.9   999.5    74.4   132.4   155.8   383.6   525.7   652.7   818.0  1168.3  1433.2  1713.8  2896.8  9303.3 32116.8  43620.1    43808
read      638.1   908.8    74.4   134.0   159.5   398.7   549.6   702.9   925.8  1252.3  1493.8  1787.7  2832.3  7968.4 32054.1  45640.6    45785
read      607.8  1055.6    74.4   130.8   154.4   395.2   534.7   639.8   748.1   998.1  1328.7  1614.8  3339.3 11921.7 34737.7  35559.9    35582
read      611.2   836.4    74.4   132.6   156.3   393.6   552.2   711.7   946.5  1220.6  1411.6  1646.6  2352.3  7095.1 31994.9  38608.4    38504
read      483.0   699.9    74.4   133.0   157.0   392.3   495.3   565.6   633.1   726.9   837.4   989.3  1823.4  6806.8 31565.7  15202.1    15320
read      759.7  1667.2    74.4   183.4   240.3   460.5   560.4   640.4   718.2   821.3  1004.0  1744.2  8211.8 30495.6 37783.4  74437.6    74264
read      584.7  1126.4    74.4   133.9   159.4   396.9   515.6   597.9   669.3   773.0  1060.6  1571.1  3508.5 14887.5 36267.5  43911.8    43890
read      419.7   953.1    93.8   157.0   190.4   332.5   387.1   421.5   446.3   477.3   524.4   614.1  2415.2 11896.0 35837.0   5919.1     5962
read      563.4   956.3    74.4   128.6   151.2   377.5   500.8   593.3   685.3   888.2  1245.9  1515.2  2611.8 12104.2 32135.7  38222.0    38365
read      659.0  1019.9    74.4   142.3   171.8   400.5   539.7   671.3   848.5  1228.3  1517.7  1870.1  3482.5  9388.4 35727.8  55993.0    55971
read      494.5   677.3    74.4   129.3   150.7   381.6   500.8   578.6   645.5   762.8   937.8  1182.4  1834.2  6806.6 30856.1  23271.6    23217
read      517.7   796.1    74.4   153.3   194.4   437.1   527.5   584.3   632.7   698.3   798.4   982.8  1593.0  9848.1 31856.4  87632.0    87681
read      488.9   487.5    74.4   156.6   198.0   432.0   523.9   582.7   630.9   694.5   790.4   959.9  1490.4  5378.2 17859.7  91702.4    91728
read      490.3   473.5    74.4   164.7   208.6   435.8   520.8   578.5   628.4   695.8   796.0   952.5  1408.5  5311.3 15898.2  96559.6    96668
read      464.3   538.1    80.4   142.2   172.3   397.3   492.9   550.0   596.6   659.3   747.7   919.7  1603.1  6199.2 20194.8  80484.8    80475
read      532.2   853.2    74.4   129.8   152.1   388.0   514.7   599.0   675.9   819.4  1065.7  1347.4  2122.1  8048.7 32474.8  27250.2    27150
read      668.1  1281.8    74.4   138.0   165.1   392.6   525.9   642.6   787.6  1113.6  1458.9  1812.8  5162.0 18300.3 35990.1  53474.8    53444
read      481.9   701.8    74.4   129.2   150.6   379.0   493.2   564.7   625.7   716.3   875.9  1141.1  1690.7  7159.2 31178.3  23820.0    23737
read      486.7   669.4    74.4   149.5   185.0   410.5   500.5   555.6   603.1   669.8   766.5   943.0  1701.7  8460.0 30781.3  87742.4    87776
read      460.2   541.4    74.4   142.9   173.1   396.4   490.0   545.3   590.3   651.0   739.7   908.9  1577.0  5846.7 30516.2  82096.0    82175
read      534.3   356.0    74.4   193.2   249.3   490.0   566.4   620.7   674.2   754.8   882.4  1035.9  1325.3  3573.1 12258.1  98516.1    98548
read      607.2   901.5    74.4   131.5   156.1   394.7   543.4   677.0   860.8  1159.4  1374.5  1613.5  2585.7  9309.2 32391.8  37748.1    37704
read      799.7  1602.3    74.4   170.7   221.2   452.3   589.2   704.1   823.1  1097.5  1579.5  2076.4  6182.2 30301.5 36937.4  64520.8    64701
read      674.0  1452.3    74.4   152.4   193.9   433.6   534.1   611.4   680.7   780.4   961.7  1644.3  5849.4 28782.5 36735.1  69174.8    69089
read      472.6   563.7    74.4   150.4   185.9   408.7   498.2   553.4   599.1   662.1   751.9   919.5  1565.8  6204.5 30168.0  89822.0    89785
read      476.3   904.4    74.4   130.9   152.9   381.4   477.2   537.4   585.9   653.2   762.2   971.8  2007.4  9797.9 32363.3  16673.2    16676
read      606.7  1402.2    74.4   143.3   177.6   413.3   512.1   579.2   635.5   716.0   839.1  1210.8  5289.0 28622.0 36599.4  69369.0    69604
read      576.6   680.8    80.4   215.5   277.6   496.5   575.4   636.7   698.4   787.1   902.6  1048.1  1545.9  7282.9 31507.2  99686.0    99682
read      669.4  1167.1    80.4   292.3   343.8   504.9   592.4   677.8   753.3   839.0   934.8  1080.0  4684.8 13861.8 37087.4  97682.8    97693
read      518.2  1052.2    74.4   131.3   155.4   386.2   491.5   562.1   626.6   730.0   866.4  1067.9  3001.6 15319.6 32362.1  17294.0    17381
read      577.9   698.2    74.4   130.2   153.1   379.8   525.3   668.0   869.0  1155.2  1367.7  1594.4  2121.8  6205.3 30116.7  39977.0    40069
read      430.0   944.1    80.4   143.3   172.0   350.7   416.4   456.1   489.2   533.0   596.2   720.1  1902.5  9992.3 35662.2   8807.8     8841
read      624.5  1242.8    68.9   138.4   167.4   403.0   523.0   611.4   690.7   819.2  1175.5  1710.7  4576.3 17107.1 36081.1  56383.5    56576
read      497.0   748.5    80.4   130.5   152.5   388.6   501.3   576.1   638.4   744.8   908.0  1162.9  1863.6  6948.2 31947.2  21586.6    21599
read      633.1   972.6    74.4   137.9   164.7   387.4   527.0   659.9   837.6  1206.6  1486.8  1802.1  2991.3  8228.0 32234.9  52862.9    53003
read      515.6   790.5    74.4   130.3   154.1   389.1   513.1   608.3   706.5   835.3   970.2  1176.5  1902.4  7720.9 32337.0  19831.1    19831
read      408.9   364.7    74.4   136.1   161.4   360.3   453.3   508.2   551.9   610.0   686.7   814.0  1225.3  3653.3 12013.3  80258.9    80340
read      419.7   303.4    74.4   136.4   163.1   392.7   491.5   546.9   587.4   632.7   688.8   777.6  1059.0  2604.5  8621.7  28794.9    28765
read      414.5   295.4    68.9   135.9   162.3   390.9   482.7   534.4   572.4   616.9   672.6   759.0  1048.2  2737.3 11551.9  25644.1    25572
read      414.0   283.7    68.9   131.9   157.3   385.2   482.1   540.0   582.5   631.3   690.6   785.4  1081.6  1844.3  9929.8  37127.5    37071
read      411.1   309.2    74.4   136.7   161.7   360.7   459.4   520.3   567.8   627.1   708.9   843.4  1239.7  2515.2  8648.0  75778.1    75819
read      417.8   300.3    68.9   132.3   157.2   384.2   484.5   543.8   588.6   640.6   706.7   807.8  1111.6  2198.9  8759.7  44277.9    44359
read      407.6   288.9    74.4   142.1   170.9   368.6   457.6   510.7   552.3   605.4   675.9   798.3  1094.8  1700.4 11609.2  95894.0    95960
read      412.7   275.3    68.9   133.7   158.4   371.0   472.8   534.9   582.6   639.2   713.1   826.4  1155.3  2128.3  8121.2  59720.5    59630
read      432.3   317.5    74.4   138.4   165.2   392.3   496.2   558.9   607.0   663.4   734.3   845.1  1188.7  2761.4 11198.2  47868.0    47930
read      403.9   267.5    74.4   133.8   158.2   362.2   460.4   519.7   566.4   623.9   696.7   809.4  1136.1  1759.6  7554.6  65641.2    65545
read      400.9   260.6    74.4   140.9   168.5   362.6   451.8   505.5   547.1   599.5   672.4   793.0  1074.4  1577.7  8008.9  94011.1    94038
read      415.5   298.4    74.4   132.7   157.5   380.3   481.2   542.2   588.0   640.6   707.7   804.6  1085.5  2021.6  9311.4  51886.2    51806
read      415.1   291.1    74.4   132.8   158.0   381.9   481.6   541.3   585.7   638.0   703.9   802.5  1087.5  1816.7  8256.3  48650.8    48712
read      401.9   276.4    80.4   149.4   177.9   400.6   466.1   501.3   526.8   555.3   592.9   663.4   852.2  3877.6  9910.4  13063.9    13115
read      390.9   258.8    68.9   132.3   156.2   350.7   445.1   500.4   543.5   597.4   670.1   781.5  1061.1  1721.8  7878.7  76508.9    76569
read      404.5   318.7    74.4   140.1   165.9   392.5   476.9   521.8   552.7   590.3   635.0   708.4   935.2  2476.9 12554.4  19417.2    19372
read      399.9   295.1    74.4   128.7   151.9   363.0   459.7   516.9   561.0   615.6   684.2   790.0  1073.0  1818.5 10950.8  59309.8    59331
read      394.6   309.9    74.4   129.2   151.9   358.4   453.4   508.7   552.2   605.8   673.4   775.0  1030.7  1740.8  8773.4  62629.9    62597
read      397.5   275.2    68.9   129.1   152.9   373.5   462.8   516.2   555.6   602.2   658.8   742.5   965.0  1749.9  8954.7  37661.8    37702
read      412.7   347.8    74.4   130.5   154.9   381.3   474.9   532.7   576.1   625.8   687.7   783.2  1085.2  3080.1 11282.3  42049.9    41975
read      418.9   330.5    68.9   137.9   164.8   392.5   484.1   538.4   577.7   622.5   678.2   767.0  1046.4  3831.3 10044.9  26027.6    26100
read      409.8   289.2    74.4   137.9   164.5   364.1   459.2   518.1   564.6   622.9   701.2   831.8  1170.3  1952.0  9646.3  82485.8    82500
read      407.4   287.3    74.4   130.3   154.2   375.1   471.0   530.1   574.5   626.4   691.6   792.3  1071.2  1754.4 10004.0  50819.8    50756
read      401.0   293.5    74.4   130.3   154.1   359.0   456.4   513.7   559.4   617.1   690.8   805.0  1112.9  2156.6 10727.3  66717.9    66696
read      405.8   289.2    68.9   129.5   153.2   372.2   468.7   527.2   572.0   625.2   690.2   790.3  1063.3  1869.1 11346.4  53448.4    53364
read      381.2   309.8    80.4   153.5   183.4   378.2   431.0   458.7   478.4   503.5   538.5   595.7   756.8  4357.5 11573.5  10382.1    10413
read      394.4   265.9    68.9   128.1   151.3   357.3   454.2   510.4   554.6   609.0   678.3   785.3  1061.5  1657.4  8791.7  64980.4    64876
read      390.9   284.4    68.9   128.8   152.0   352.5   447.0   502.5   546.1   599.9   671.2   781.7  1066.4  1779.4  8179.2  69155.4    69079
read      393.5   312.9    74.4   136.8   162.0   379.2   457.7   501.8   534.9   573.3   620.3   692.1   909.1  3777.8 11283.5  19406.5    19447
read      387.8   273.5    74.4   131.8   156.2   348.6   439.2   494.3   538.2   592.3   665.3   778.2  1038.2  1610.2 11151.4  81029.4    81182
read      409.9   257.2    74.4   136.4   163.1   388.6   478.9   532.9   572.0   616.1   670.2   748.3   977.9  1869.3  7964.0  25245.5    25265
read      378.3   295.5    80.4   156.3   187.3   373.2   423.1   449.7   468.6   495.9   533.0   592.3   743.4  4553.9 12054.9   9624.4     9699
read      410.8   275.4    74.4   130.2   155.5   381.6   473.3   530.7   574.3   625.1   687.5   787.4  1052.0  2291.1  7977.1  48642.6    48659
read      389.5   292.0    68.9   128.8   152.0   350.6   443.0   498.2   541.9   597.1   668.8   779.3  1056.7  1708.9 10474.6  75236.6    75126
read      407.9   294.9    68.9   143.4   172.2   368.3   457.9   511.2   553.2   606.7   679.4   802.1  1083.5  1733.1  9373.0  96534.2    96559

Total QPS = 50532.0 (90957536 / 1800.0s)

Total connections = 64
Misses = 0 (0.0%)
Skipped TXs = 0 (0.0%)

RX 22466510404 bytes :   11.9 MB/s
TX          0 bytes :    0.0 MB/s
Warning! Detected max cpu usage > 95%
CPU Usage Stats (avg/min/max): 99.97%,44.67%,100.00%
