./mcperf -s 10.156.15.226 --loadonly && ./mcperf -s 10.156.15.226 -a 10.156.15.227 --noload -T 16 -C 4 -D 4 -Q 1000 -c 4 -t 1800 \
> --qps_interval 5 --qps_min 5000 --qps_max 100000 \
> --qps_seed 42
Random waveform, supplied seed
Total number of intervals = 360 (5031, 54838, 74868, 30015, 40743, 23648, 97712, 53672, 55395, 29425, 15173, 82475, 90555, 47944, 28313, 28504, 22886, 35717, 14828, 81704, 55771, 85226, 75020, 12441, 56208, 17446, 86943, 49138, 49839, 47752, 27181, 6170, 7187, 99387, 91970, 79658, 59230, 78081, 64242, 37702, 40686, 30376, 38416, 65892, 39560, 10016, 55224, 19982, 48114, 36283, 23315, 11150, 98724, 56880, 13467, 99368, 46206, 71651, 22741, 56654, 99570, 23047, 70008, 42943, 46704, 75970, 21917, 82027, 81583, 14259, 7821, 17727, 65559, 41133, 28693, 53141, 54512, 14835, 98446, 38117, 77994, 30209, 68315, 91940, 49308, 46880, 92540, 49396, 97841, 35404, 80451, 87228, 75554, 57964, 83546, 55468, 34203, 37629, 34577, 47426, 58845, 66993, 10977, 51529, 48344, 5902, 71602, 41886, 47456, 93939, 16890, 45689, 32790, 44044, 28149, 39739, 72475, 93882, 6692, 50406, 83055, 55609, 16968, 43031, 17236, 82183, 42212, 12244, 61777, 36984, 29093, 41715, 34838, 63574, 24401, 32025, 98971, 23657, 67877, 53849, 79536, 17081, 39024, 26125, 33388, 20979, 95865, 73949, 60987, 54175, 51484, 39771, 32864, 42033, 43808, 45785, 35582, 38504, 15320, 74264, 43890, 5962, 38365, 55971, 23217, 87681, 91728, 96668, 80475, 27150, 53444, 23737, 87776, 82175, 98548, 37704, 64701, 69089, 89785, 16676, 69604, 99682, 97693, 17381, 40069, 8841, 56576, 21599, 53003, 19831, 80340, 28765, 25572, 37071, 75819, 44359, 95960, 59630, 47930, 65545, 94038, 51806, 48712, 13115, 76569, 19372, 59331, 62597, 37702, 41975, 26100, 82500, 50756, 66696, 53364, 10413, 64876, 69079, 19447, 81182, 25265, 9699, 48659, 75126, 96559, 55885, 9039, 66378, 41225, 52371, 39873, 41176, 85357, 85391, 91890, 57558, 9972, 74636, 29773, 63494, 7201, 49507, 65454, 88537, 36982, 88964, 96479, 47883, 50650, 89242, 7374, 8507, 50676, 57069, 43520, 56720, 68155, 60444, 63997, 17315, 78596, 81548, 97254, 46135, 13379, 46993, 98274, 97056, 43434, 36406, 99121, 80708, 40517, 34168, 11754, 93304, 64697, 92626, 75618, 85805, 18930, 50153, 10377, 33112, 28777, 45709, 74458, 73596, 28031, 45754, 80138, 64350, 51870, 81106, 82064, 30534, 25449, 67525, 27070, 41133, 28009, 64235, 16387, 62388, 40199, 16884, 55763, 41925, 42341, 93577, 7657, 14232, 30107, 71078, 85372, 54930, 5750, 80137, 41449, 17301, 19930, 41776, 8596, 30870, 69978, 23908, 9848, 71598, 77156, 14083, 87786, 57205, 53142, 77998, 98830, 32447, 74382, 32271, 55273, 68152, 25419, 43187, 60608, 62150, 30864, 69566, 38183, 51253, 53027, 37133, 73413, 78811, 88317, 46504, 46147, 35073, 18693, 46834, 76427, 96007)
Average QPS expected = 51278
Timestamp start: 1621944135233
Timestamp end: 1621945935951

#type       avg     std     min      p5     p10     p50     p67     p75     p80     p85     p90     p95     p99    p999   p9999      QPS   target
read      456.5  1226.1    93.8   157.9   186.9   336.0   401.8   445.4   473.2   508.0   553.7   635.4  3339.0 24604.5 37058.7   4996.8     5031
read      642.7  1438.9    68.9   138.4   167.8   434.8   548.9   621.5   679.5   760.9   902.9  1425.5  4902.0 26734.4 36959.8  54579.4    54838
read      474.4   704.8    74.4   137.5   165.2   397.9   493.7   548.6   593.0   655.8   746.4   904.6  2129.4  7653.6 31500.6  74936.2    74868
read      524.8   999.0    80.4   127.8   148.1   376.0   512.5   593.7   658.1   742.5   898.4  1264.8  2332.4 12509.7 36268.6  30177.2    30015
read      598.5   857.0    80.4   132.3   155.5   397.4   542.1   662.3   784.6  1054.8  1389.4  1724.4  2508.8  7918.3 31863.4  40651.4    40743
read      672.2  1276.9    74.4   137.6   162.7   446.1   629.9   772.8   922.3  1096.5  1272.9  1520.9  3947.2 19536.4 37636.5  23706.8    23648
read      726.7   931.6    86.8   406.2   441.6   577.2   685.6   762.3   841.8   952.2  1052.5  1234.1  2228.8 12431.5 32199.8  97629.2    97712
read      632.4  1197.8    74.4   141.6   171.5   421.1   532.7   614.9   689.6   813.8  1060.1  1772.4  4677.7 18487.6 35718.5  53882.2    53672
read      607.0  1146.4    74.4   138.6   167.4   428.6   542.8   613.6   674.8   762.9   934.1  1627.3  4215.6 12978.7 35316.9  55420.6    55395
read      583.1   611.1    80.4   131.7   153.7   402.5   592.7   744.2   934.3  1125.8  1291.2  1494.1  1967.6  5981.8 16123.6  29405.2    29425
read      531.3  1195.2    80.4   134.5   156.1   389.1   510.9   576.8   629.2   702.2   814.4  1026.1  3675.8 19599.8 38177.0  15206.6    15173
read      582.7   946.6    74.4   162.6   209.8   475.9   572.4   636.8   693.1   772.8   891.2  1106.0  2388.8 11591.3 35058.0  82314.2    82475
read      674.0   663.0    80.4   273.9   362.8   574.5   680.5   750.3   816.0   924.9  1050.6  1245.5  1817.6  9046.7 30782.4  90854.4    90555
read      598.2  1051.3    74.4   134.7   161.3   416.4   539.0   620.8   689.0   792.2  1070.0  1744.0  3109.4 12571.5 32496.0  47967.0    47944
read      661.4  1076.8    74.4   133.3   156.7   422.5   632.1   807.7   999.9  1169.7  1346.7  1595.0  3619.4 12218.7 32162.7  28409.2    28313
read      619.1   845.1    80.4   132.5   156.2   418.2   609.4   773.6   964.0  1147.4  1323.3  1549.9  2192.4  9003.7 31999.7  28451.4    28504
read      633.8  1234.7    80.4   133.2   157.9   425.4   621.6   773.0   906.8  1041.2  1171.0  1364.1  3514.8 24343.2 37527.2  22949.2    22886
read      638.1   926.0    74.4   134.1   157.1   405.4   580.1   739.7   952.4  1229.2  1453.1  1702.6  2771.1  9714.3 32296.5  35859.8    35717
read      460.9   708.1    86.8   134.0   154.3   379.0   490.5   548.8   592.9   650.3   735.1   896.1  2088.1  7265.3 31332.4  14862.0    14828
read      566.3   771.9    74.4   158.8   204.6   477.4   582.6   646.4   695.1   761.9   872.6  1112.0  2280.7  9209.7 31630.8  81915.6    81704
read      573.6  1083.2    74.4   136.4   163.6   411.6   526.2   596.8   656.4   735.6   872.5  1509.3  3201.1 13254.9 32345.3  55740.6    55771
read      566.4   934.7    74.4   159.2   205.8   465.4   551.6   610.6   662.7   740.0   868.6  1070.3  2249.1 10728.8 32221.7  85386.6    85226
read      513.2   707.6    74.4   144.9   177.7   429.5   534.4   596.7   648.1   714.4   812.0  1016.8  2082.0  8099.1 31263.0  74926.2    75020
read      632.5  1299.7    86.8   149.7   178.9   466.2   625.8   717.0   783.8   860.6   958.3  1147.6  3889.5 22748.9 35738.2  12515.0    12441
read      596.6  1206.3    74.4   137.6   165.0   406.8   520.4   592.4   655.1   740.4   887.9  1617.4  4493.3 14419.5 36748.7  56059.2    56208
read      615.3  1090.1    80.4   139.3   165.4   458.9   639.1   757.0   838.6   922.7  1033.8  1197.3  3854.9 12922.7 36829.6  17389.4    17446
read      555.9   821.3    80.4   163.8   212.0   463.5   544.5   598.8   652.7   739.3   873.4  1067.7  2237.7 10441.1 31973.7  86731.4    86943
read      585.4   950.6    80.4   134.4   158.2   391.9   517.3   611.6   702.4   869.6  1296.9  1735.6  2644.9  9763.0 35619.3  49225.8    49138
read      562.7   922.7    74.4   132.1   155.7   385.2   504.3   588.2   662.5   778.3  1094.5  1681.0  2860.3  9192.6 32249.0  49880.4    49839
read      585.4   768.4    80.4   131.8   154.6   373.5   507.8   625.4   762.1  1099.1  1468.2  1784.8  2369.2  7166.3 30852.8  47588.0    47752
read      519.3   962.3    74.4   127.0   146.7   369.8   509.6   590.9   653.7   737.2   900.0  1205.2  3656.1  9091.5 32052.9  27172.0    27181
read      410.5   741.3    86.8   158.3   186.8   342.4   397.8   436.6   472.3   508.5   555.0   634.8  2219.3 11961.7 32286.0   6197.8     6170
read      450.7  1099.9    86.8   151.3   178.5   350.9   419.0   469.7   505.3   546.3   602.6   701.5  2596.8 11834.2 37633.9   7228.2     7187
read      636.7   743.9    80.4   334.0   393.8   531.9   586.0   640.1   743.3   891.0   990.4  1087.8  1480.8  9273.1 32122.1  99363.6    99387
read      563.0   679.3    74.4   188.7   251.1   486.1   554.0   606.4   666.1   770.4   904.1  1054.8  1742.8  8938.9 29490.9  92073.0    91970
read      498.3   714.2    74.4   144.7   177.6   415.3   513.7   571.0   617.8   684.3   790.0   974.1  2030.1  9490.7 31457.6  79845.0    79658
read      676.6  1447.2    74.4   143.8   176.4   419.0   528.5   605.6   679.6   792.2  1058.3  1943.3  5052.3 28189.9 37700.0  59246.4    59230
read      794.7  1832.2    74.4   224.4   300.0   504.5   584.3   655.6   738.1   852.1   990.4  1301.4  8616.8 31029.5 38909.3  78121.6    78081
read      695.2  1466.1    80.4   149.8   187.9   428.0   529.7   609.5   689.7   815.1  1114.9  1869.3  5611.0 27433.3 37160.3  64091.6    64242
read      632.1  1144.8    74.4   132.7   155.6   393.2   538.5   660.0   786.3  1073.8  1402.6  1717.6  3525.2 14052.5 36558.4  37573.6    37702
read      641.0  1295.6    74.4   132.9   156.0   392.5   528.4   636.7   738.4   966.8  1359.8  1740.3  4541.8 19681.1 36983.8  40980.6    40686
read      608.5  1057.8    74.4   132.1   154.7   402.1   577.5   704.1   849.8  1079.0  1279.7  1517.2  2783.9 10426.9 37774.4  30460.8    30376
read      621.3  1074.9    74.4   132.7   155.6   395.0   544.8   667.0   787.9  1053.1  1380.6  1694.3  3252.7 11780.9 36412.7  38362.0    38416
read      687.6  1457.1    74.4   153.0   192.8   439.8   544.4   623.6   696.1   812.7  1054.0  1787.1  5151.7 29146.1 37728.2  65701.2    65892
read      590.8   825.7    74.4   131.9   154.7   395.0   541.2   658.3   771.7  1022.7  1362.5  1679.6  2538.5  7365.6 31733.9  39651.0    39560
read      458.3   883.2    80.4   143.8   168.1   369.3   454.4   507.9   546.6   594.6   664.9   783.4  2591.4 12292.1 32070.6  10025.4    10016
read      663.3  1270.3    74.4   142.8   172.8   423.9   540.7   624.9   705.8   845.9  1309.4  1906.4  4854.7 17039.5 36230.4  55209.0    55224
read      477.5   878.8    74.4   131.7   151.8   379.0   505.5   571.9   620.9   681.5   769.0   940.8  1686.1 10983.0 31853.5  20022.0    19982
read      640.7  1212.3    74.4   137.8   163.2   405.4   536.6   629.9   716.7   879.1  1348.1  1870.6  4521.3 16076.9 35741.4  48177.4    48114
read      649.5  1160.4    80.4   135.6   158.4   405.6   557.1   681.0   807.9  1091.4  1422.7  1729.2  4510.6 15548.6 36579.3  36349.4    36283
read      498.3   985.7    80.4   128.5   147.3   366.7   496.4   566.3   617.4   682.5   781.0  1018.3  3370.5 12451.3 32231.6  23232.4    23315
read      513.8  1518.3    86.8   136.9   160.8   362.1   445.0   501.2   540.3   590.7   666.9   814.0  3485.8 30719.0 36339.0  11094.2    11150
read      560.3   627.3    74.4   204.7   267.8   493.0   557.1   605.8   658.3   758.6   897.8  1038.4  1385.2  7656.4 30565.7  98647.8    98724
read      640.7  1223.5    74.4   139.5   167.4   402.9   522.6   607.4   689.9   844.2  1320.0  1869.2  4760.3 14630.2 35495.9  56737.6    56880
read      460.4   946.7    80.4   130.8   151.9   366.6   459.5   515.2   552.6   599.8   674.3   824.7  2818.3 12721.9 36711.6  13486.4    13467
read      668.3   677.8    80.4   419.7   449.8   547.1   595.6   650.8   779.0   947.7  1028.5  1119.0  1620.5  8667.6 30765.2  99171.8    99368
read      590.8  1125.1    74.4   131.1   153.7   383.3   503.8   594.8   679.8   825.9  1240.3  1695.3  3814.1 12802.0 36518.6  46269.2    46206
read      648.2  1481.5    74.4   148.9   190.3   428.2   519.5   585.3   649.0   742.2   883.1  1528.0  5195.2 30228.7 37128.7  71588.6    71651
read      468.2   840.2    80.4   125.0   144.1   359.6   483.6   550.7   599.0   661.8   755.3   973.3  2503.9  9885.5 31869.7  22671.0    22741
read      610.3  1128.0    74.4   136.1   161.8   386.1   505.7   594.2   684.6   848.0  1299.7  1790.9  4424.7 13392.3 35207.8  56664.2    56654
read      553.3   486.0    74.4   214.0   281.6   500.3   561.6   605.7   657.5   762.6   901.0  1036.5  1282.6  5092.3 22834.5  99631.4    99570
read      470.6   677.6    80.4   126.3   146.6   366.9   493.9   566.5   621.4   691.4   809.1  1060.2  2028.6  6638.8 30940.4  23037.4    23047
read      634.4  1336.3    68.9   145.0   182.9   426.8   522.3   589.6   656.9   752.9   908.8  1588.4  5037.2 21782.7 36655.1  69944.2    70008
read      601.0  1031.1    74.4   131.0   153.4   384.6   514.7   621.0   724.3   955.3  1361.5  1713.4  3225.8 12083.7 32461.7  43010.6    42943
read      630.3  1193.7    74.4   133.4   157.3   389.1   520.1   627.7   739.0   991.6  1415.9  1795.4  4202.1 14108.2 36819.8  46687.0    46704
read      648.5  1482.2    80.4   154.1   198.2   444.5   530.7   589.4   647.3   738.0   875.8  1214.3  5617.9 30179.1 37036.2  75793.2    75970
read      462.2   942.1    80.4   126.0   145.6   362.0   479.3   543.8   590.2   647.7   728.5   896.0  1854.7 11783.9 35499.1  21876.8    21917
read      671.5  1418.6    74.4   178.4   240.9   484.3   559.8   618.2   676.6   774.8   914.3  1103.5  5443.2 26693.0 36982.4  81945.2    82027
read      652.5  1368.0    74.4   174.6   232.4   474.6   549.8   605.4   665.4   769.5   911.6  1139.8  5107.1 27484.9 37063.2  81825.4    81583
read      448.7   539.4    80.4   138.6   160.5   378.3   482.9   541.5   583.6   637.5   719.9   875.0  1700.4  5848.4 12884.0  14265.8    14259
read      450.6   822.1    86.8   155.1   183.9   371.5   458.5   515.0   551.9   597.6   661.4   763.7  1473.2 13019.3 31577.4   7859.8     7821
read      484.6   960.9    80.4   131.3   151.6   376.2   499.1   566.2   619.2   685.3   785.0   961.3  1799.2 14445.7 36205.1  17553.0    17727
read      647.9  1347.8    74.4   143.6   178.5   419.9   527.8   604.5   674.3   779.3  1012.9  1724.7  4983.9 26196.0 36841.0  65415.6    65559
read      622.9  1045.6    74.4   133.7   156.6   396.9   538.3   657.1   776.7  1054.9  1410.7  1746.6  3334.4 12331.7 32387.3  41273.4    41133
read      493.4   613.4    74.4   126.0   146.2   367.9   509.9   600.0   669.3   770.9   973.2  1254.7  1832.2  6568.3 27131.2  28729.2    28693
read      639.4  1296.6    74.4   135.8   161.1   395.0   515.4   602.9   686.7   839.3  1299.8  1826.4  4800.2 16054.2 36104.2  53117.0    53141
read      622.4  1129.1    80.4   136.7   162.8   392.1   512.3   597.1   683.7   843.5  1348.5  1875.4  4608.3 11183.6 34750.3  54577.8    54512
read      467.5   939.1    80.4   130.3   149.8   362.5   457.1   512.0   549.3   593.5   665.3   815.9  3645.8 11281.9 32114.0  14811.6    14835
read      619.5   680.6    80.4   286.9   362.7   526.2   589.9   653.9   730.4   850.5   965.9  1081.5  1466.3  8568.7 31524.1  98495.8    98446
read      592.7   917.6    80.4   130.4   152.2   388.1   530.0   645.0   756.9  1022.2  1354.8  1663.6  2568.9 11385.4 31999.3  38122.0    38117
read      659.9  1530.1    80.4   159.4   209.2   449.4   531.6   588.0   645.0   740.3   882.0  1198.5  6026.7 30387.2 37516.3  77818.6    77994
read      588.6   911.5    74.4   130.4   152.9   396.2   569.7   692.7   829.1  1043.1  1247.4  1486.5  2159.6  9441.5 31779.2  30265.8    30209
read      689.4  1400.5    74.4   152.5   196.8   439.6   543.9   628.0   707.1   832.2  1174.3  1820.0  5055.1 28402.5 36935.2  67923.6    68315
read      548.6   894.5    74.4   169.6   223.9   461.2   537.5   587.4   635.4   712.0   828.5   993.4  2056.6 11917.4 32166.0  92254.4    91940
read      607.5  1142.9    74.4   134.0   157.3   382.3   505.1   596.6   684.8   847.6  1289.3  1762.0  4580.8 11892.9 35570.9  49252.2    49308
read      606.8   990.9    74.4   132.5   155.7   383.0   514.0   618.9   727.2   979.2  1431.1  1808.4  3182.1  9217.1 32333.5  46767.0    46880
read      480.5   632.2    74.4   154.3   193.0   416.2   497.7   546.3   589.6   653.3   748.9   903.7  1538.2  8506.1 30669.2  92679.6    92540
read      632.6  1116.0    74.4   138.6   163.5   397.2   524.9   618.2   708.1   896.3  1417.2  1919.0  4423.7 12167.9 33767.3  49311.6    49396
read      667.2   662.2    86.8   409.4   441.0   550.6   615.0   680.8   789.5   934.5  1027.7  1137.4  1659.7  9020.6 30537.0  97636.6    97841
read      566.4  1011.3    80.4   130.9   151.7   384.8   526.3   620.0   692.3   805.9  1092.1  1534.6  3371.0  9523.7 32419.2  35577.6    35404
read      494.3   820.6    74.4   142.6   174.0   413.2   507.5   560.6   602.5   662.5   752.5   915.1  2171.2  8944.1 35194.7  80488.8    80451
read      490.8   685.2    74.4   148.4   184.6   422.8   514.9   567.3   611.0   672.6   767.9   938.9  1574.8  8096.5 31518.7  87091.4    87228
read      493.9   876.2    74.4   138.5   167.4   406.6   501.2   553.4   594.3   655.2   747.0   907.6  2131.4 12140.0 32217.6  75565.0    75554
read      678.3  1406.7    74.4   143.5   174.4   417.8   531.2   615.5   697.8   837.0  1256.8  1908.3  5027.0 25007.9 36938.7  58078.4    57964
read      554.4   900.9    74.4   157.5   200.4   454.6   543.4   598.8   650.2   728.6   848.4  1045.6  2729.7 12043.2 32153.0  83429.6    83546
read      603.8  1222.0    74.4   138.7   167.6   418.1   534.1   611.0   676.6   764.6   917.5  1561.8  4494.4 17126.4 36472.6  55500.8    55468
read      612.4  1111.5    74.4   130.4   151.8   389.7   542.3   647.9   743.9   939.4  1262.1  1584.6  4658.4 11914.1 36153.2  34152.2    34203
read      729.4  1517.9    74.4   133.8   157.9   403.9   573.5   720.8   896.2  1183.8  1476.3  1853.5  5273.4 30424.9 36950.2  37755.2    37629
read      639.5  1291.1    74.4   129.9   151.2   382.4   532.8   641.3   740.9   945.7  1270.3  1631.2  4969.5 19600.4 36417.1  34543.6    34577
read      622.0  1091.8    74.4   133.5   156.7   378.5   508.2   622.6   752.4  1056.3  1448.9  1809.9  4104.6 11441.9 36160.6  47484.4    47426
read      631.3  1441.3    74.4   140.2   169.9   422.5   534.6   603.6   662.8   741.1   864.3  1273.1  5654.3 28561.0 37143.3  58880.8    58845
read      616.2  1392.5    74.4   143.5   177.9   431.6   532.9   595.4   656.7   741.7   868.5  1215.9  4930.4 24960.1 37444.9  67134.6    66993
read      434.1   635.9    80.4   140.4   164.4   372.1   458.1   509.9   546.4   591.9   659.0   780.2  1546.7  8073.1 28380.2  10887.6    10977
read      593.2  1165.0    74.4   134.4   160.3   401.6   520.8   599.2   665.7   755.0   935.4  1625.7  4546.3 12746.0 35301.4  51381.0    51529
read      661.7  1512.4    74.4   135.5   161.1   401.4   522.0   607.7   681.9   790.3  1058.3  1752.9  5126.4 28781.3 37058.5  48486.0    48344
read      475.6  1370.9    86.8   160.1   191.7   345.6   410.3   457.3   494.6   533.6   581.0   670.8  3390.1 30479.0 37740.9   5946.8     5902
read      865.3  1913.0    80.4   213.2   284.5   491.6   592.3   707.8   815.9   948.3  1268.9  2086.6  8255.0 31363.8 37640.2  71183.2    71602
read      607.4   978.3    74.4   130.7   153.1   377.9   536.6   683.2   849.4  1112.7  1375.8  1665.5  2596.4 12328.1 36092.2  41812.4    41886
read      603.7   918.7    74.4   131.0   154.0   375.6   527.5   672.8   843.4  1117.1  1409.6  1715.3  2590.7  9061.4 33332.1  47516.2    47456
read      752.3  1254.1    80.4   366.7   420.3   561.7   628.7   710.4   838.5   980.5  1078.0  1232.3  4681.4 20979.8 37172.8  93537.4    93939
read      560.5  1198.3    80.4   130.5   152.7   386.8   530.0   611.6   680.7   767.6   886.2  1107.4  4063.1 14784.5 35764.5  17002.2    16890
read      629.0   916.9    74.4   134.2   159.3   401.3   543.7   663.0   799.6  1116.4  1500.8  1842.7  2953.2  9341.0 31994.2  45639.0    45689
read      598.7   733.2    80.4   133.1   155.4   399.2   585.0   739.8   929.3  1152.1  1346.4  1565.4  2091.4  7897.5 29582.6  32682.8    32790
read      649.2   996.0    74.4   136.7   160.2   401.4   553.0   694.5   873.0  1226.0  1549.2  1873.2  2893.6 12089.8 34568.2  44144.4    44044
read      522.9  1001.6    74.4   128.2   148.1   379.4   516.1   595.9   655.9   730.1   844.8  1122.5  3435.0 12885.2 32317.1  28083.2    28149
read      632.2  1033.7    80.4   136.2   160.0   407.9   559.1   683.4   801.0  1071.7  1424.5  1762.7  3199.5  9994.5 36449.4  39757.2    39739
read      473.3   646.5    80.4   137.1   163.5   394.9   495.4   550.9   594.5   654.7   743.7   915.8  2103.2  6718.3 30841.4  72321.6    72475
read      518.7   537.6    80.4   174.0   225.0   460.7   540.3   591.3   639.9   718.7   833.3   998.8  1541.8  5714.3 23952.2  93904.0    93882
read      472.6  1155.8    86.8   153.2   181.4   355.6   432.2   489.3   525.8   566.4   622.4   728.3  2805.9 18285.9 32403.8   6698.4     6692
read      646.9  1286.0    74.4   138.8   165.1   413.4   545.1   637.8   723.8   861.8  1168.4  1715.1  4925.5 14488.3 36883.0  50237.4    50406
read      467.2   625.1    74.4   140.7   172.2   400.1   494.7   547.9   592.0   651.4   736.6   883.3  1698.1  7335.4 31048.3  83134.6    83055
read      836.3  1915.2    74.4   153.2   196.1   514.4   631.0   760.5   934.2  1185.5  1754.3  2424.1  5056.7 30766.7 60842.2  55600.2    55609
read      538.4  1122.5    80.4   132.8   154.4   382.5   514.0   589.3   652.4   742.8   877.2  1093.3  3563.6 16279.5 32431.2  16781.4    16968
read      564.0  1036.0    80.4   128.7   148.8   370.7   505.9   602.6   687.1   820.8  1123.5  1576.3  3121.5 14849.4 32306.1  43236.6    43031
read      493.2   920.1    80.4   130.2   151.2   375.2   498.3   567.4   621.5   689.5   787.0   979.1  3072.8 12106.7 32032.2  17351.8    17236
read      822.9  1343.0    80.4   302.4   387.1   573.2   664.4   790.6   919.6  1046.0  1185.3  2207.1  4240.8 28047.3 37013.3  82128.2    82183
read     1084.8  2540.0    74.4   150.6   195.9   515.1   666.9   838.5  1055.0  1570.0  2309.7  3158.3 10159.3 32359.5 40602.6  42186.0    42212
read      977.1  2459.8    86.8   146.3   176.5   461.3   641.0   791.8   964.8  1256.4  1734.8  3076.9  9139.3 32080.2 37422.2  12244.8    12244
read      998.9  2030.0    74.4   202.7   291.8   572.2   690.6   874.9  1050.0  1284.7  2088.5  3001.2  5953.2 31839.9 37878.8  61969.4    61777
read     1285.9  2820.3    74.4   152.4   199.8   550.4   786.2  1127.1  1581.6  2192.0  2932.0  4067.2 10090.9 32321.1 38654.2  37161.4    36984
read      624.2  1577.7    80.4   125.5   145.9   378.9   517.3   594.9   658.4   743.3   934.7  1512.9  4576.7 30936.7 37853.3  29003.6    29093
read      611.5  1340.0    80.4   129.5   151.0   379.5   510.6   603.0   681.9   793.9  1044.2  1598.1  4911.3 25524.0 32493.5  41847.4    41715
read      498.4   728.5    74.4   124.9   144.6   364.1   496.4   584.2   654.7   747.9   965.0  1344.5  2130.7  5598.2 31558.4  34855.0    34838
read      649.8  1475.6    74.4   142.4   176.1   443.5   544.2   613.7   678.6   773.8   923.9  1555.1  5213.9 29281.9 37313.9  63705.8    63574
read      446.7   720.5    80.4   126.7   146.7   358.6   479.4   545.3   590.8   648.0   725.8   866.8  1619.6  8122.1 31534.4  24434.0    24401
read      471.3   925.7    74.4   124.2   143.1   354.5   480.8   555.0   609.5   676.0   770.4  1013.2  2150.5  9354.4 36369.6  32035.2    32025
read      589.8   646.3    80.4   238.8   316.3   519.7   574.7   618.0   669.8   797.7   951.2  1069.1  1322.6  8510.0 30794.2  98938.2    98971
read      452.2   698.3    80.4   126.9   147.0   363.5   488.8   557.8   609.5   673.0   762.0   924.3  1599.6  6705.2 31251.2  23738.8    23657
read      623.5  1437.4    74.4   144.0   177.7   434.5   531.6   594.3   654.7   738.1   865.1  1177.4  5111.2 27793.2 37050.3  67832.2    67877
read      670.3  1514.7    74.4   140.0   170.4   438.1   548.0   624.2   690.5   788.5   956.5  1635.1  5533.3 29462.6 37635.3  54138.2    53849
read      469.4   541.1    74.4   140.6   171.5   404.2   500.8   555.8   599.3   660.1   749.0   903.9  1827.2  5881.6 27149.4  79558.0    79536
read      424.7   643.7    80.4   130.7   150.2   362.7   467.9   523.8   563.5   612.1   679.6   796.3  1406.5  5707.5 29815.3  17074.8    17081
read      505.0   894.9    80.4   124.8   143.9   349.7   485.3   572.6   642.6   741.0   924.1  1299.6  2898.9  7967.4 32119.6  39133.0    39024
read      438.7   571.4    74.4   124.8   144.3   355.4   480.6   550.0   599.8   661.4   744.6   906.4  1483.2  6501.4 30023.7  26163.8    26125
read      448.1   671.3    74.4   123.3   142.0   348.2   478.3   554.4   611.1   679.4   776.5   981.3  1611.7  5909.8 31349.7  33401.4    33388
read      460.1   832.8    80.4   128.5   148.9   370.4   491.2   555.5   603.3   666.2   749.9   914.9  1545.1  7823.3 32155.6  21038.2    20979
read      574.8   614.9    80.4   214.3   282.1   506.3   575.1   629.5   690.6   787.5   911.1  1052.8  1501.5  8270.1 30962.5  95788.2    95865
read      476.2   687.4    80.4   139.8   166.8   393.5   492.7   548.3   593.9   658.2   748.2   910.4  2189.6  8321.4 31234.7  73809.0    73949
read      642.3  1518.5    74.4   140.4   171.7   426.7   531.7   603.7   668.2   754.7   904.5  1513.2  4952.6 29137.6 37837.1  60894.0    60987
read      657.1  1653.0    68.9   138.3   167.6   431.3   534.6   600.9   659.2   737.5   862.4  1252.2  6331.4 30825.8 37324.9  54023.6    54175
read      596.2  1300.5    74.4   134.3   160.6   406.9   520.2   591.6   652.0   732.6   864.9  1410.8  4843.5 22185.9 32515.2  51377.2    51484
read      600.9   966.6    74.4   129.3   151.4   380.1   528.6   653.8   789.9  1057.1  1354.6  1643.1  3114.6  9362.3 32180.0  39716.8    39771
read      488.4   749.5    74.4   124.6   144.3   361.4   489.7   575.1   642.3   736.7   948.6  1303.0  1790.9  7757.9 32101.9  32764.2    32864
read      620.0  1204.7    74.4   129.6   152.9   382.9   521.4   627.6   736.8   959.5  1320.4  1680.1  4588.1 16040.6 36125.0  42095.4    42033
read      581.5   665.5    80.4   131.0   153.5   381.9   530.4   662.8   826.4  1133.8  1421.9  1701.9  2239.3  5877.4 22435.6  43661.0    43808
read      613.6   936.7    74.4   131.1   154.5   383.4   529.9   666.5   819.0  1141.8  1455.8  1745.7  2740.8  8645.3 32402.3  45869.2    45785
read      565.6   935.7    80.4   127.9   148.9   378.2   529.9   639.6   744.9   948.4  1232.3  1505.0  2559.7  8978.6 32475.3  35422.0    35582
read      602.8  1101.8    74.4   130.1   151.9   386.6   529.6   636.7   739.9   939.1  1284.6  1614.3  4273.8 15790.2 33940.8  38555.8    38504
read      402.3   622.0    80.4   130.6   149.4   338.6   435.5   488.5   527.9   575.9   640.2   743.3  1243.2  7487.1 30531.3  15235.2    15320
read      506.2   850.5    74.4   142.8   173.7   411.6   510.3   569.3   616.8   681.9   778.9   946.9  2343.6 10418.2 32080.2  74273.6    74264
read      608.8  1114.8    80.4   136.4   160.1   395.3   531.6   625.8   713.8   866.0  1212.0  1670.3  4581.2 10105.1 36279.3  43736.4    43890
read      351.9   494.4    86.8   148.5   175.8   295.1   342.6   373.7   407.5   442.4   486.2   559.2  1482.8  5422.5 15868.6   5998.8     5962
read      519.9   725.8    74.4   128.6   149.7   363.2   495.2   586.9   670.2   814.3  1122.4  1486.3  2026.5  7129.1 31086.6  38223.4    38365
read      627.1  1314.5    68.9   139.7   170.4   423.7   537.3   612.5   678.6   774.7   959.5  1654.8  4678.2 20771.5 36361.7  55860.0    55971
read      429.8   590.3    74.4   126.9   145.5   341.8   465.2   536.0   588.1   653.7   744.6   916.6  1409.5  6050.1 30969.1  23237.4    23217
read      512.3   808.4    74.4   157.5   196.0   429.3   521.8   578.5   625.8   691.7   789.2   946.5  1746.2 10004.7 31597.3  87403.6    87681
read      515.3   495.0    80.4   174.8   223.2   458.0   544.5   602.0   653.2   726.5   835.0   996.6  1462.4  5809.8 22800.7  91492.2    91728
read      650.3   572.5    86.8   369.2   413.4   546.5   617.8   708.6   824.4   927.2  1012.9  1116.3  1539.4  6849.3 30149.3  96833.4    96668
read      507.0   654.6    80.4   153.9   189.6   427.3   524.7   584.0   634.5   703.0   805.1  1004.6  1970.5  7785.0 30748.4  80442.4    80475
read      494.3   896.1    80.4   129.7   148.8   356.4   486.6   565.7   629.4   710.8   852.4  1136.2  2553.7  9927.6 32479.1  27198.8    27150
read      636.4  1437.8    74.4   138.0   166.8   418.5   528.4   598.2   660.2   747.6   917.9  1554.6  5103.2 28371.4 37710.3  53328.8    53444
read      423.8   778.0    80.4   125.0   142.4   328.9   446.5   515.5   565.0   626.8   716.6   879.7  1415.0  9674.7 31997.1  23627.4    23737
read      505.6   653.5    68.9   155.6   197.1   441.9   530.1   584.9   631.6   693.8   795.4   960.7  1517.6  8749.1 30854.0  87645.8    87776
read      472.3   639.9    74.4   142.4   173.4   401.6   500.2   556.5   601.9   662.6   750.0   913.4  1744.8  7105.0 30797.5  82470.0    82175
read      535.8   466.0    74.4   201.4   260.9   480.0   550.0   602.2   658.4   752.4   870.8  1005.9  1344.5  5443.5 15923.0  98609.2    98548
read      559.9  1037.2    80.4   128.6   150.1   369.6   504.6   600.8   687.1   823.3  1092.9  1468.6  3707.8 12064.5 32355.2  37649.0    37704
read      669.8  1514.5    74.4   144.8   180.5   433.1   527.6   595.4   666.3   767.4   926.5  1676.4  5539.2 29193.2 37204.0  64663.2    64701
read      567.0  1220.1    74.4   141.4   172.8   423.8   521.7   579.5   628.5   698.5   807.0  1015.7  4512.5 17883.0 37032.1  69097.6    69089
read      513.1   675.6    74.4   162.3   205.2   445.8   535.3   589.8   634.6   695.8   798.0   968.4  1497.1  8081.5 31282.2  89740.6    89785
read      486.2  1154.6    80.4   130.4   149.8   341.2   454.5   520.9   571.2   632.0   713.8   861.8  3577.5 19001.4 36348.3  16781.2    16676
read      484.0   721.6    74.4   137.1   165.2   400.2   505.1   564.4   609.5   669.0   757.9   918.1  2366.7  7930.3 31685.0  69710.4    69604
read      568.9   493.8    80.4   234.7   300.8   506.7   577.8   633.7   695.2   801.9   920.8  1048.6  1293.1  5181.6 18072.4  99590.4    99682
read      508.9   461.5    74.4   181.7   231.9   454.8   531.6   587.0   641.6   720.6   826.8   965.3  1368.4  5056.5 17525.2  98071.6    97693
read      452.0  1015.3    80.4   127.3   146.1   333.9   446.5   512.2   560.5   620.3   699.7   847.0  2784.5 17459.5 32364.0  17459.0    17381
read      495.3   996.2    74.4   125.5   144.0   327.5   449.5   529.3   594.8   688.5   853.0  1217.4  4151.0  9088.4 35723.9  39917.6    40069
read      487.5  1426.7    80.4   136.1   160.5   324.6   409.7   467.5   507.0   554.2   622.1   734.6  3752.8 30342.7 34768.4   8825.0     8841
read      647.0  1562.8    74.4   139.8   169.1   416.6   524.7   591.7   652.2   737.5   882.4  1501.6  5598.7 30534.0 37355.1  56538.6    56576
read      477.4   851.9    74.4   127.6   147.2   351.0   484.8   563.2   624.7   709.2   835.5  1048.6  1864.2  8962.7 35187.1  21566.4    21599
read      606.0   908.5    74.4   137.6   163.4   384.6   518.1   626.9   758.7  1071.9  1444.6  1792.2  2731.3  6904.1 32186.8  53086.2    53003
read      449.8   633.1    80.4   128.6   148.1   343.2   464.7   536.5   591.5   668.4   786.3  1017.8  2056.4  5777.6 30937.9  19802.4    19831
read      768.5  1762.4    80.4   213.5   287.3   499.1   585.8   667.6   749.9   855.6   986.7  1268.1  8652.5 30826.6 37434.9  80115.4    80340
read      502.7  1063.4    80.4   131.1   149.3   349.2   479.7   557.7   620.4   696.8   818.3  1067.3  2984.2 14608.9 34357.5  28727.0    28765
read      436.8   602.3    80.4   129.3   147.4   339.7   463.9   537.2   591.6   660.5   752.3   938.5  1693.5  6360.3 30352.7  25632.0    25572
read      468.5   910.5    74.4   127.0   144.9   328.3   455.8   533.4   593.8   674.7   797.0  1063.3  2809.8 10476.1 32226.6  37095.8    37071
read      512.8   917.4    74.4   142.7   173.1   408.3   504.3   560.4   606.3   669.8   765.4   941.0  3242.9  9269.3 32221.7  75610.2    75819
read      621.2   985.2    74.4   137.0   161.8   393.0   535.9   658.9   806.2  1112.2  1418.5  1719.9  3085.1 10458.5 32310.4  44297.4    44359
read      627.6   948.3    74.4   248.4   318.5   512.7   595.7   669.1   740.9   838.3   943.3  1084.9  1792.6 13072.3 35214.1  95934.0    95960
read      586.7  1278.5    74.4   139.7   168.4   399.6   511.5   580.0   636.2   713.3   834.1  1328.6  4591.9 18445.5 33186.6  59454.2    59630
read      572.4  1046.8    74.4   136.0   161.6   401.2   521.5   597.2   662.5   752.3   938.2  1557.1  3629.2 12763.7 32381.4  47963.0    47930
read      648.1  1540.7    74.4   149.0   183.5   442.9   544.4   608.8   665.3   744.0   872.5  1146.4  5418.7 30107.1 37455.2  65459.6    65545
read      679.0  1210.9    74.4   239.4   318.0   517.9   592.4   662.4   744.2   864.6   976.9  1124.2  4741.6 18313.6 36001.7  93957.4    94038
read      590.7   843.5    74.4   135.1   160.8   385.0   512.5   615.8   729.9   999.9  1419.5  1789.2  2612.6  6438.0 32182.3  51664.4    51806
read      667.9  1127.9    74.4   134.6   160.7   404.1   548.4   683.6   875.6  1253.4  1552.4  1870.7  4433.9 12360.9 35671.6  48683.8    48712
read      458.9  1034.4    80.4   130.0   151.5   346.2   462.4   533.1   588.2   655.3   739.7   872.2  1589.0  9912.6 37598.6  13124.0    13115
read      828.9  1994.1    80.4   225.5   292.0   495.3   592.5   684.8   766.7   863.9   988.1  1544.6  8730.0 31581.9 38848.9  76362.2    76569
read      547.7  1268.4    80.4   133.3   154.4   367.9   511.7   597.1   671.5   773.2   913.1  1134.3  3705.2 17261.9 40537.6  19428.6    19372
read      714.5  1576.4    80.4   144.2   176.9   403.7   526.4   624.0   730.2   963.9  1455.0  2007.1  5030.2 30142.2 37602.3  59309.0    59331
read      777.7  1612.3    74.4   159.8   204.6   445.6   579.6   693.2   826.9  1113.8  1572.8  2039.2  5299.6 30862.4 37569.8  62691.8    62597
read      652.0  1235.3    74.4   134.2   158.4   390.7   546.7   680.9   834.3  1091.5  1366.7  1678.4  4698.2 19266.5 35488.2  37619.4    37702
read      637.7  1075.6    80.4   136.3   160.5   394.7   546.8   682.1   851.7  1144.2  1433.5  1721.6  4252.5  8665.3 36338.3  41844.8    41975
read      495.3   938.4    80.4   128.6   148.0   350.9   486.9   570.4   637.2   732.2   893.4  1166.0  2089.5 12957.1 32407.2  26176.0    26100
read      843.4  1852.0    80.4   332.5   379.4   526.4   601.4   687.0   796.4   909.8  1017.9  1243.5  8384.6 31319.5 37831.1  82605.0    82500
read      679.7  1421.8    74.4   134.5   159.8   393.4   527.0   638.7   758.3  1046.8  1476.1  1858.9  4969.3 30075.4 37292.5  50952.8    50756
read      797.6  1561.5    74.4   170.9   225.5   461.3   593.6   741.8   914.5  1420.6  1650.8  1978.4  5125.7 30665.6 37358.4  66562.0    66696
read      662.5  1109.0    74.4   138.6   166.0   398.6   536.2   657.5   821.4  1171.3  1587.2  1956.1  3851.3 10661.6 35609.3  53404.4    53364
read      478.0  1095.0    86.8   140.7   164.9   355.5   454.1   518.5   565.9   623.9   700.6   832.1  3021.9 16438.1 32504.2  10516.2    10413
read      888.7  2018.9    74.4   184.4   246.0   473.2   594.3   710.9   827.4  1041.5  1600.6  2182.7  8691.0 31581.0 39394.4  64625.8    64876
read      916.5  2232.8    80.4   220.3   291.6   495.3   597.9   698.1   791.4   922.7  1188.0  2019.7  9296.2 31866.3 42813.9  69133.6    69079
read      493.0  1006.5    74.4   127.8   147.1   357.6   484.2   558.4   619.5   704.1   831.2  1039.0  2632.8 14787.7 32458.4  19693.4    19447
read      884.4  2132.6    80.4   326.3   370.7   513.8   588.0   682.4   782.3   892.1  1005.1  1313.6  8795.8 31895.2 39449.5  81101.6    81182
read      546.6  1032.3    74.4   128.4   149.1   373.6   522.2   613.4   690.8   817.2  1015.4  1292.1  3467.0 11877.0 36295.4  25356.2    25265
read      477.0  1019.2    80.4   141.6   165.9   368.9   467.4   526.1   567.5   619.0   688.5   807.6  3349.7  9258.9 36717.8   9734.4     9699
read      677.5  1123.1    80.4   140.2   166.9   413.8   567.5   709.0   887.9  1219.0  1544.1  1895.8  3522.9 12356.4 32254.8  48601.0    48659
read      771.7  1756.4    74.4   192.3   261.6   488.7   570.6   641.1   728.5   843.2   983.0  1565.1  8245.0 31086.6 38432.3  75135.2    75126
read      700.7  1322.1    74.4   319.3   373.9   517.9   582.7   647.7   746.5   864.6   966.8  1088.2  4898.3 17520.4 36815.3  96657.6    96559
read      652.5  1030.5    74.4   142.3   172.8   413.1   553.3   665.0   807.6  1121.3  1492.8  1874.5  3128.3 10803.5 32819.5  55773.0    55885
read      449.9  1162.0    86.8   141.8   165.8   339.9   413.7   471.3   511.5   558.1   624.6   741.5  2477.1 22288.6 39027.7   8965.4     9039
read      907.4  2178.2    80.4   194.5   259.2   488.7   590.6   680.7   774.0   915.5  1186.4  2398.4  8847.5 31953.3 40452.6  66200.8    66378
read      600.2   824.0    80.4   137.7   160.0   387.8   543.0   680.0   844.2  1127.9  1406.1  1680.2  2340.6  7569.0 32124.9  41282.8    41225
read      682.9  1224.4    74.4   142.6   171.9   410.6   555.9   681.6   833.7  1158.2  1529.9  1910.1  4711.1 12848.8 36409.7  52248.4    52371
read      606.6  1030.9    74.4   129.2   151.0   377.2   526.5   654.7   795.3  1056.3  1364.4  1650.1  3567.4  9110.0 34306.3  39890.6    39873
read      585.0  1044.4    74.4   129.5   150.8   369.0   506.5   618.3   731.1   957.6  1295.5  1620.8  3662.5  8763.1 35807.6  41150.2    41176
read      773.0  1535.2    80.4   269.1   348.8   527.4   617.1   700.9   791.7   904.0  1021.1  1266.5  6437.6 30187.3 37346.4  85486.4    85357
read      690.7  1547.2    80.4   200.1   269.1   490.6   561.1   623.7   693.2   801.7   925.1  1073.4  5980.9 30280.6 37757.7  85369.2    85391
read      757.2  1505.9    74.4   360.3   403.1   536.7   599.6   686.2   803.9   912.9  1006.8  1124.3  6413.5 30033.8 37228.9  91772.2    91890
read      645.9  1243.3    74.4   142.1   171.2   393.5   518.1   617.3   715.5   902.4  1362.9  1872.3  4674.1 15634.3 35152.1  57594.0    57558
read      460.3  1037.1    80.4   138.1   161.1   347.4   439.5   512.6   560.2   614.3   678.9   788.6  2768.0 14959.3 35927.4  10008.4     9972
read      896.4  2130.5    80.4   256.0   319.4   501.7   591.8   684.7   775.5   896.8  1065.5  2005.8  8789.2 31869.4 37688.6  74554.6    74636
read      578.2   814.4    80.4   131.1   153.4   382.0   553.5   688.2   842.8  1035.4  1224.0  1459.8  2682.1  7439.4 31729.6  29811.8    29773
read      845.2  1905.7    80.4   167.7   219.7   474.4   593.3   704.1   814.8   996.1  1504.4  2189.5  6846.5 31360.7 39981.3  63525.4    63494
read      491.3  1409.3    86.8   165.7   189.0   358.5   436.8   499.6   539.5   585.3   643.5   754.5  3336.1 28386.5 37367.4   7214.6     7201
read      705.3  3590.1    74.4   157.4   184.5   405.4   547.6   667.8   795.5  1040.5  1438.2  1837.6  4420.9 16897.6 239356.7  49621.6    49507
read      792.3  1653.2    74.4   162.9   217.0   459.2   575.7   688.2   816.6  1055.9  1578.1  1986.5  6163.1 30656.2 39514.3  65441.0    65454
read      818.6  1782.7    74.4   355.5   397.9   532.4   594.2   667.9   778.0   903.7  1012.3  1164.6  8446.1 31141.7 37925.4  88581.6    88537
read      616.2  1264.4    74.4   123.8   147.0   377.9   521.4   630.7   751.6   971.7  1254.0  1611.9  4661.6 25135.5 37106.4  36900.2    36982
read      822.0  1789.2    74.4   349.0   391.2   522.5   585.9   663.6   788.6   905.3  1002.0  1152.1  8397.6 31279.9 38706.3  88716.6    88964
read      791.8  1663.7    86.8   380.4   410.9   533.1   590.3   659.0   784.6   910.4  1008.9  1134.2  8184.9 30912.1 37830.1  96237.4    96479
read      664.4  1485.4    74.4   135.8   167.8   432.9   544.4   627.5   727.4   918.7  1221.6  1738.3  4812.3 30750.3 37429.1  47911.4    47883
read      605.1   906.5    74.4   129.1   154.0   379.8   515.7   636.9   793.9  1128.2  1452.3  1744.1  2753.3  8015.7 32116.9  50597.8    50650
read      727.1  1622.6    74.4   218.4   295.0   504.8   572.5   626.4   693.0   815.7   955.0  1125.3  7955.0 30769.0 39299.5  89219.6    89242
read      457.7  1215.6    80.4   138.5   169.3   323.9   402.3   455.6   508.8   559.4   619.0   723.4  3488.8 26729.7 35328.6   7423.6     7374
read      446.9  1019.9    80.4   138.3   166.6   335.9   422.8   483.8   537.5   588.7   656.2   770.4  2645.3 12064.7 39007.9   8468.8     8507
read      624.0  1172.5    74.4   128.8   153.5   372.1   504.0   621.0   754.1  1057.2  1426.6  1785.4  4447.6 13666.0 35617.4  50657.6    50676
read      751.6  1529.0    74.4   144.4   180.6   427.5   557.0   673.7   802.7  1061.5  1562.1  2118.7  5380.4 29357.9 37786.9  57208.6    57069
read      559.0  1050.2    74.4   123.6   144.6   355.6   479.1   585.9   677.1   843.0  1133.2  1554.2  4432.6  8120.6 32505.1  43541.4    43520
read      654.6  1032.1    74.4   135.3   164.8   392.0   532.8   668.7   848.8  1222.9  1567.9  1920.8  3180.5 10228.9 32191.4  56654.2    56720
read      826.7  1819.5    74.4   174.3   235.9   478.2   584.4   686.9   803.6   987.3  1538.0  2006.7  8418.1 31148.6 38153.6  68138.0    68155
read      830.6  1707.6    74.4   161.8   209.0   462.8   600.1   734.7   894.6  1215.2  1660.7  2285.9  6227.5 30755.0 37080.6  60367.4    60444
read      859.4  1935.9    74.4   175.0   235.0   476.6   594.1   700.0   816.1  1004.8  1511.8  2098.9  8370.7 31518.6 38703.9  63858.8    63997
read      475.9   882.0    80.4   129.0   150.5   362.7   470.3   555.6   620.3   704.7   821.5  1012.1  1916.4 10291.0 32255.7  17349.8    17315
read      825.8  1985.9    74.4   242.6   311.0   490.6   570.0   648.7   748.9   855.7   982.9  1548.8  8649.6 31573.0 40086.0  78416.8    78596
read      863.0  1910.3    74.4   344.7   387.3   540.2   618.3   704.9   805.8   926.8  1060.8  1479.9  8622.9 31433.7 38303.2  81471.2    81548
read      839.8  1690.4    86.8   379.2   411.1   541.4   613.6   701.9   821.2   933.0  1036.7  1196.7  8454.0 30669.9 37307.3  97268.8    97254
read      725.1  1845.9    74.4   144.3   180.5   424.8   526.9   613.6   701.8   835.2  1069.6  1770.7  6194.5 31668.9 37826.8  46309.8    46135
read      474.4  1050.3    80.4   127.6   150.6   346.3   442.1   506.0   579.5   658.5   754.0   903.2  2700.2 14501.1 32474.5  13322.2    13379
read      679.2  1157.7    74.4   130.5   157.5   408.0   561.2   713.4   911.1  1259.2  1552.4  1873.5  4209.2 11831.2 36079.7  47070.0    46993
read      840.0  1818.1    80.4   376.4   405.9   529.7   599.6   700.3   813.0   915.5  1010.8  1179.2  8402.2 31064.7 38180.4  98299.4    98274
read      744.8  1408.0   101.3   379.8   411.4   532.0   597.9   673.0   780.6   896.0   994.2  1129.9  5188.7 30140.6 37086.7  97207.2    97056
read      595.0  1190.9    74.4   131.7   160.4   405.8   518.1   616.4   707.1   847.6  1096.1  1586.3  2773.6 17747.8 37117.8  43474.8    43434
read      580.7   817.7    74.4   125.8   148.0   386.3   526.3   667.9   817.7  1071.3  1318.5  1592.0  2295.6  8121.4 31518.9  36518.0    36406
read      779.0  1425.8    86.8   392.4   422.1   544.3   618.7   705.1   826.5   938.2  1038.4  1184.5  5948.7 29475.6 37562.5  99013.2    99121
read      746.7  1492.5    86.8   355.8   397.4   535.9   612.9   682.4   771.8   893.1   996.9  1139.0  5603.5 30212.0 37550.8  80815.8    80708
read      610.5   982.8    80.4   130.3   154.8   390.7   527.2   671.2   828.0  1090.6  1384.8  1683.4  3055.2  7419.9 33465.2  40553.4    40517
read      604.8   878.6    74.4   126.6   150.7   396.0   543.2   708.4   889.4  1129.5  1338.5  1583.2  2641.0  9456.9 32508.3  34291.6    34168
read      448.0   877.1    80.4   135.1   160.4   356.4   440.5   493.6   538.1   613.4   704.8   833.1  2008.7  8083.7 31979.0  11767.8    11754
read      852.4  1906.6    80.4   350.4   388.8   529.4   609.3   710.3   813.3   919.6  1031.4  1300.2  8669.2 31341.9 42278.8  93255.0    93304
read      947.8  2266.1    86.8   317.3   364.3   532.9   634.0   745.4   842.9   955.6  1095.1  1840.1  9314.4 31968.9 38996.5  64628.0    64697
read      782.3  1576.1    80.4   368.7   402.1   534.4   612.7   702.0   808.4   915.2  1014.3  1170.2  7767.8 30556.2 37820.3  92604.4    92626
read      712.4  1688.8    74.4   182.9   251.7   492.1   569.2   629.2   689.6   786.5   921.5  1096.5  8177.6 30888.9 38960.5  75800.0    75618
read      872.8  2084.3    74.4   349.8   385.1   528.9   593.6   676.1   781.4   888.6  1018.6  1193.3  9062.7 31795.5 39330.2  85744.4    85805
read      508.7  1274.2    74.4   126.7   147.1   352.6   458.7   529.1   588.5   686.0   821.5  1028.2  3675.9 29724.6 36689.8  18855.0    18930
read      670.9  1304.7    74.4   132.6   159.3   394.9   527.3   647.6   784.8  1082.5  1456.8  1879.7  4988.2 18181.8 37001.5  49951.0    50153
read      740.5  2018.2    80.4   142.3   172.2   381.2   496.8   591.9   718.2   892.9  1268.6  2093.7  5779.5 31936.5 37914.0  10396.2    10377
read      880.8  1935.3    74.4   135.0   163.6   445.9   690.9   954.5  1161.8  1359.2  1617.9  2203.5  7917.0 31340.9 38807.4  33092.6    33112
read      549.0   858.1    74.4   129.1   150.7   372.2   506.8   618.1   741.2   913.6  1136.4  1386.6  2990.7  7633.9 31816.7  28683.8    28777
read      611.7  1098.0    74.4   130.8   154.2   375.9   507.0   618.8   746.9   994.4  1332.3  1715.7  4766.0  9579.0 35742.5  45665.0    45709
read      786.5  1689.2    74.4   197.2   268.1   489.5   578.3   659.7   750.2   881.9  1065.0  1813.1  8202.9 30744.7 37072.9  74397.4    74458
read      812.3  1744.2    74.4   199.4   270.0   499.4   591.2   681.5   785.5   950.9  1229.9  1936.3  8253.7 31131.3 37859.5  73573.2    73596
read      525.0   914.0    74.4   126.6   146.9   363.8   486.5   580.2   683.4   835.5  1041.2  1288.6  2698.4 10653.7 32456.2  28032.2    28031
read      655.5  1235.4    80.4   132.6   158.5   401.6   539.6   676.7   835.5  1101.9  1418.3  1770.5  4400.1 17351.8 35144.4  45753.0    45754
read      797.0  1795.1    80.4   246.1   317.0   505.6   585.8   664.7   754.6   865.6   993.3  1295.7  8412.1 31221.0 39305.7  80145.6    80138
read      861.5  2099.6    80.4   178.5   232.1   458.8   568.8   664.7   763.9   912.0  1364.9  2148.5  8929.3 31789.6 39473.2  64704.2    64350
read      701.9  1245.0    74.4   138.7   168.3   415.8   553.3   710.7   910.9  1275.9  1586.3  1954.8  4823.9 18481.9 35155.0  51692.4    51870
read      826.8  1817.5    74.4   278.9   343.7   523.3   607.5   688.4   779.1   890.7  1020.4  1377.4  8514.3 31173.6 39632.2  81058.8    81106
read      786.9  1874.9    80.4   271.1   334.2   508.8   580.4   643.1   726.1   830.6   957.0  1113.9  8613.1 31276.5 38648.2  82024.0    82064
read      582.6  1012.0    74.4   129.4   152.4   386.5   525.1   645.0   807.0  1004.2  1214.1  1454.6  3044.7 10869.5 32430.4  30648.4    30534
read      474.4   618.7    74.4   127.2   147.3   358.7   473.5   556.6   628.2   760.5   945.0  1185.3  1671.6  6152.4 30180.5  25565.2    25449
read      865.3  1929.5    74.4   190.7   259.6   478.9   588.8   712.1   835.4  1022.3  1556.9  2042.1  8494.7 31405.2 37874.0  67368.4    67525
read      526.6   834.0    74.4   128.0   148.7   365.7   497.2   603.8   736.5   903.6  1071.7  1271.9  2370.4  7633.3 32269.7  27169.6    27070
read      635.3  1071.8    74.4   131.9   155.7   392.5   534.4   670.9   865.7  1148.2  1423.8  1733.6  3878.8 10314.6 32188.9  41054.6    41133
read      487.2   723.9    80.4   124.6   144.3   360.3   475.3   558.9   631.5   767.8   957.9  1223.2  1932.1  6255.6 31994.3  27959.6    28009
read      899.6  2010.4    74.4   188.0   253.5   484.5   602.0   718.4   832.3  1032.4  1604.7  2385.3  8756.4 31465.9 38712.0  64287.2    64235
read      448.9   856.4    80.4   128.8   149.4   353.0   452.7   516.9   572.1   647.4   778.6   934.4  1587.0  8971.1 37158.7  16514.2    16387
read      806.1  1659.8    74.4   165.4   213.7   442.0   580.2   721.3   893.6  1340.1  1635.6  2020.8  5853.3 30679.4 37395.2  62260.8    62388
read      568.7   797.8    74.4   129.4   154.0   390.7   520.7   628.8   770.8   991.8  1284.1  1577.9  2197.2  7731.2 31829.1  40118.8    40199
read      391.0   330.2    74.4   137.2   161.8   379.8   456.7   496.2   523.7   555.6   599.5   675.6   929.8  3806.2 13217.5  16832.2    16884
read      400.6   277.9    74.4   126.6   150.7   370.8   467.7   519.7   558.4   607.8   673.0   794.5  1052.2  1775.8 11125.9  55762.2    55763
read      411.7   292.0    68.9   131.0   157.2   387.5   476.0   525.0   562.6   609.6   674.5   801.0  1077.1  2459.1 10100.5  42007.6    41925
read      406.9   274.9    74.4   130.1   156.2   387.5   474.4   522.2   558.3   604.4   664.2   781.3  1045.5  1872.3 10782.2  42257.4    42341
read      412.8   289.6    74.4   141.5   171.5   378.3   466.5   517.4   556.4   606.6   676.4   807.2  1077.6  1731.0 11280.7  93658.0    93577
read      355.9   374.2    80.4   155.9   187.7   345.4   388.1   410.2   425.4   442.9   467.6   512.9   673.3  5544.2 12056.9   7591.2     7657
read      399.7   353.2    74.4   145.7   176.9   381.3   447.8   484.1   510.1   545.7   593.2   678.1   937.6  4030.0 13842.5  14206.4    14232
read      434.2   306.3    74.4   139.8   168.2   413.6   500.7   550.3   588.5   637.1   703.5   829.6  1089.3  2089.4 12422.7  30123.4    30107
read      410.2   349.8    74.4   132.0   157.3   371.3   469.2   524.9   567.4   620.8   692.4   820.1  1077.4  1984.6 16469.4  71124.0    71078
read      393.1   259.5    74.4   133.5   159.3   358.2   448.8   501.7   541.4   590.8   658.5   775.9  1018.6  1502.3  8420.2  85684.0    85372
read      409.1   280.6    68.9   129.3   154.2   380.8   477.5   529.9   568.4   615.9   680.2   798.7  1072.1  2088.1  8462.9  55061.2    54930
read      345.1   436.0    93.8   170.9   207.7   328.1   364.5   384.6   398.8   417.1   438.7   473.9   604.5  5885.0 19165.7   5752.2     5750
read      395.6   307.5    74.4   133.1   158.4   360.0   451.7   504.1   543.8   592.5   660.5   775.3  1016.4  2288.3  9222.6  79882.6    80137
read      416.0   275.8    74.4   134.0   160.0   393.6   485.8   535.5   573.1   619.5   681.3   805.2  1091.4  1858.9  8940.8  41432.4    41449
read      395.1   300.2    74.4   140.2   166.1   381.4   460.8   499.4   527.0   558.8   603.9   685.7   957.0  3591.8 13033.9  17314.2    17301
read      391.0   297.5    68.9   135.8   160.5   375.5   455.9   498.3   529.2   565.3   614.5   696.6   969.2  2851.9  7936.5  20016.8    19930
read      407.9   282.3    74.4   132.4   158.5   385.8   476.0   523.3   558.0   601.6   663.1   761.4  1036.4  2000.3  8081.6  41719.6    41776
read      349.3   232.0    80.4   149.3   178.9   342.5   388.5   413.8   433.1   456.7   486.0   534.0   693.2  3657.9  8256.3   8560.6     8596
read      431.1   350.6    80.4   139.0   167.3   409.0   497.0   544.4   581.7   628.1   691.0   804.8  1082.0  2422.7  9464.6  30656.8    30870
read      400.2   253.4    74.4   133.5   158.8   364.7   463.2   518.7   559.6   609.5   676.6   789.8  1044.3  1570.9  7740.7  69930.2    69978
read      408.8   333.8    74.4   138.6   164.2   389.6   480.4   527.3   560.5   599.5   651.5   737.7   996.6  2426.5 12601.3  23944.6    23908
read      365.3   369.4    80.4   148.7   176.5   360.0   411.4   436.9   457.7   480.6   508.1   557.3   714.3  3762.4 15497.0   9849.2     9848
read      404.1   332.5    74.4   132.9   158.5   368.2   463.0   517.0   557.9   608.2   675.8   788.8  1050.4  2270.2 12077.1  71559.6    71598
read      401.8   291.8    74.4   135.9   162.1   364.9   460.0   514.5   555.3   604.9   674.5   789.1  1046.2  1646.1 11502.6  77153.4    77156
read      370.8   340.9    80.4   140.2   164.0   365.8   432.0   467.0   490.8   517.1   551.3   616.4   812.9  1782.5 11939.5  14044.2    14083
read      394.6   280.0    74.4   135.8   161.9   357.8   448.4   502.3   542.2   591.1   659.0   770.4  1015.0  1491.5 10031.0  87754.0    87786
read      401.8   293.8    68.9   129.3   153.6   372.5   471.2   523.3   560.6   605.2   668.6   773.6  1058.5  1948.9  8984.1  57039.0    57205
read      403.2   299.1    74.4   128.4   152.8   376.8   475.6   526.4   562.7   606.2   665.4   760.6  1018.1  2180.0 11129.9  53231.8    53142
read      393.2   303.6    74.4   131.9   156.4   356.8   450.3   504.0   544.4   592.8   660.1   768.9  1009.7  2038.1 11738.8  77967.4    77998
read      423.6   269.2    68.9   147.5   181.0   388.3   476.4   530.2   572.2   623.6   691.4   817.5  1114.3  1504.5 10382.2  98849.2    98830
read      404.7   235.3    68.9   134.2   159.6   388.4   479.6   528.3   562.7   603.7   658.7   752.1  1022.1  1565.8  5423.3  32525.6    32447
read      393.9   264.9    74.4   130.6   154.7   358.8   454.9   508.7   549.2   599.1   666.7   776.2  1019.1  1587.6  9207.7  74129.8    74382
read      413.3   313.1    74.4   132.3   157.9   391.8   487.9   538.3   574.4   616.9   671.9   766.5  1078.4  2347.1  9039.5  32330.0    32271
read      401.9   321.0    74.4   127.6   151.6   373.7   470.7   523.5   560.6   604.5   663.5   762.1  1040.9  2115.4  9163.2  55395.4    55273
read      398.4   265.5    68.9   129.1   153.0   362.9   462.5   518.2   558.4   606.5   671.6   781.0  1054.2  1928.7  8761.0  68270.2    68152
read      407.2   414.1    74.4   134.8   160.1   379.8   475.7   525.5   557.6   594.8   640.4   727.9  1044.1  4964.9 15126.2  25289.0    25419
read      409.9   274.5    74.4   131.6   157.2   386.8   485.7   536.8   572.8   615.2   670.8   765.3  1067.7  2297.0  9086.1  43380.2    43187
read      397.0   265.0    68.9   126.9   150.4   365.6   467.3   522.1   560.4   606.6   666.0   766.0  1036.8  1735.4 10484.2  60671.2    60608
read      405.3   303.6    74.4   129.1   153.1   369.2   472.5   529.6   570.0   617.9   680.4   792.1  1091.5  1717.7 12453.1  61989.0    62150
read      399.5   262.7    74.4   133.4   157.8   379.6   474.0   524.2   558.5   597.6   646.1   732.4   990.2  1716.9  9176.5  31015.6    30864
read      398.6   279.1    74.4   130.7   155.4   362.8   460.9   516.3   557.5   606.8   672.9   782.3  1059.9  1610.4  8824.9  69507.2    69566
read      408.7   294.5    74.4   133.5   159.3   383.5   482.6   534.8   571.4   613.2   666.9   755.7  1067.0  2550.1  9206.4  38165.4    38183
read      409.0   274.8    74.4   130.2   155.5   380.0   481.8   535.9   574.3   618.6   676.5   774.7  1091.7  2211.2  9128.0  51198.2    51253
read      404.0   304.6    68.9   128.9   153.8   375.1   475.3   529.8   568.5   612.5   669.2   764.4  1059.8  1995.4  8902.7  53123.0    53027
read      414.0   298.6    68.9   134.3   159.7   388.4   488.1   543.6   582.1   625.5   680.0   772.5  1074.2  2149.9 12703.8  37329.4    37133
read      392.8   303.8    68.9   130.5   154.8   355.3   449.1   503.5   545.3   595.1   662.1   769.8  1038.5  2154.2 11336.5  73622.8    73413
read      390.8   262.0    68.9   131.2   156.1   356.6   448.3   502.7   544.9   594.4   662.3   769.9  1015.1  1509.1  7330.7  78736.4    78811
read      408.1   294.4    74.4   137.1   164.8   370.4   463.1   517.5   558.9   610.2   681.3   801.0  1085.5  1706.5  8762.9  88336.0    88317
read      407.3   283.5    68.9   131.2   156.7   380.9   480.6   535.4   573.6   617.1   672.1   760.8  1071.5  1977.3  7509.9  46566.2    46504
read      406.7   356.9    74.4   130.4   155.8   379.2   476.6   530.4   568.4   611.2   664.8   753.6  1031.9  2362.4 13164.3  46075.8    46147
read      403.6   261.2    74.4   133.9   159.5   380.1   475.0   529.4   566.8   608.5   660.8   743.4  1018.8  1810.4  9057.2  34891.8    35073
read      395.8   502.1    74.4   136.8   160.8   370.1   457.8   502.2   530.0   560.1   597.5   661.5   933.7  7355.7 16233.8  18717.6    18693
read      405.8   315.8    74.4   131.7   157.7   378.2   477.3   530.9   569.2   613.2   666.5   749.0  1034.3  2155.2  8846.5  47040.0    46834
read      400.0   278.1    74.4   134.9   160.5   360.0   456.7   515.1   558.0   609.9   678.3   788.5  1071.0  1703.6  9386.0  76280.6    76427
read      423.4   283.1    74.4   148.7   181.8   384.6   472.3   527.1   569.3   622.9   698.5   826.8  1097.4  1875.2 10134.5  96183.4    96007

Total QPS = 51272.5 (92290560 / 1800.0s)

Total connections = 64
Misses = 0 (0.0%)
Skipped TXs = 0 (0.0%)

RX 22795767332 bytes :   12.1 MB/s
TX          0 bytes :    0.0 MB/s
Warning! Detected max cpu usage > 95%
CPU Usage Stats (avg/min/max): 99.99%,42.56%,100.00%
