Random waveform, supplied seed
Total number of intervals = 360 (5031, 54838, 74868, 30015, 40743, 23648, 97712, 53672, 55395, 29425, 15173, 82475, 90555, 47944, 28313, 28504, 22886, 35717, 14828, 81704, 55771, 85226, 75020, 12441, 56208, 17446, 86943, 49138, 49839, 47752, 27181, 6170, 7187, 99387, 91970, 79658, 59230, 78081, 64242, 37702, 40686, 30376, 38416, 65892, 39560, 10016, 55224, 19982, 48114, 36283, 23315, 11150, 98724, 56880, 13467, 99368, 46206, 71651, 22741, 56654, 99570, 23047, 70008, 42943, 46704, 75970, 21917, 82027, 81583, 14259, 7821, 17727, 65559, 41133, 28693, 53141, 54512, 14835, 98446, 38117, 77994, 30209, 68315, 91940, 49308, 46880, 92540, 49396, 97841, 35404, 80451, 87228, 75554, 57964, 83546, 55468, 34203, 37629, 34577, 47426, 58845, 66993, 10977, 51529, 48344, 5902, 71602, 41886, 47456, 93939, 16890, 45689, 32790, 44044, 28149, 39739, 72475, 93882, 6692, 50406, 83055, 55609, 16968, 43031, 17236, 82183, 42212, 12244, 61777, 36984, 29093, 41715, 34838, 63574, 24401, 32025, 98971, 23657, 67877, 53849, 79536, 17081, 39024, 26125, 33388, 20979, 95865, 73949, 60987, 54175, 51484, 39771, 32864, 42033, 43808, 45785, 35582, 38504, 15320, 74264, 43890, 5962, 38365, 55971, 23217, 87681, 91728, 96668, 80475, 27150, 53444, 23737, 87776, 82175, 98548, 37704, 64701, 69089, 89785, 16676, 69604, 99682, 97693, 17381, 40069, 8841, 56576, 21599, 53003, 19831, 80340, 28765, 25572, 37071, 75819, 44359, 95960, 59630, 47930, 65545, 94038, 51806, 48712, 13115, 76569, 19372, 59331, 62597, 37702, 41975, 26100, 82500, 50756, 66696, 53364, 10413, 64876, 69079, 19447, 81182, 25265, 9699, 48659, 75126, 96559, 55885, 9039, 66378, 41225, 52371, 39873, 41176, 85357, 85391, 91890, 57558, 9972, 74636, 29773, 63494, 7201, 49507, 65454, 88537, 36982, 88964, 96479, 47883, 50650, 89242, 7374, 8507, 50676, 57069, 43520, 56720, 68155, 60444, 63997, 17315, 78596, 81548, 97254, 46135, 13379, 46993, 98274, 97056, 43434, 36406, 99121, 80708, 40517, 34168, 11754, 93304, 64697, 92626, 75618, 85805, 18930, 50153, 10377, 33112, 28777, 45709, 74458, 73596, 28031, 45754, 80138, 64350, 51870, 81106, 82064, 30534, 25449, 67525, 27070, 41133, 28009, 64235, 16387, 62388, 40199, 16884, 55763, 41925, 42341, 93577, 7657, 14232, 30107, 71078, 85372, 54930, 5750, 80137, 41449, 17301, 19930, 41776, 8596, 30870, 69978, 23908, 9848, 71598, 77156, 14083, 87786, 57205, 53142, 77998, 98830, 32447, 74382, 32271, 55273, 68152, 25419, 43187, 60608, 62150, 30864, 69566, 38183, 51253, 53027, 37133, 73413, 78811, 88317, 46504, 46147, 35073, 18693, 46834, 76427, 96007)
Average QPS expected = 51278
Timestamp start: 1622147895142
Timestamp end: 1622149695769

#type       avg     std     min      p5     p10     p50     p67     p75     p80     p85     p90     p95     p99    p999   p9999      QPS   target
read      374.8   389.5    93.8   179.7   213.9   360.4   399.4   419.9   433.3   451.0   470.2   508.3   677.8  6978.3 14507.2   4999.8     5031
read      399.9   333.7    68.9   128.6   151.5   363.4   456.7   508.0   546.4   594.0   657.6   758.6  1227.9  2679.4  9968.1  54751.2    54838
read      386.4   292.1    74.4   131.6   154.9   346.3   439.9   492.3   532.0   582.2   649.2   759.8  1048.0  2293.1  8949.1  75031.0    74868
read      407.6   302.1    68.9   129.9   153.8   384.6   482.1   533.5   569.1   610.4   663.2   748.4  1109.6  2301.3 11911.4  30215.4    30015
read      398.2   293.6    68.9   127.2   149.7   369.8   467.4   520.7   559.4   603.7   656.9   743.1  1057.0  2047.8 10380.7  40754.8    40743
read      405.6   276.7    74.4   132.8   157.1   390.5   486.8   531.3   561.7   595.9   639.6   718.3  1055.6  3006.0  9662.0  23556.4    23648
read      588.1   731.4    74.4   206.5   270.9   490.8   576.6   647.0   720.7   818.8   930.3  1089.7  2086.6  9191.3 31259.2  97511.0    97712
read      656.2  1155.8    74.4   139.0   167.0   408.6   537.7   639.9   747.0   969.0  1500.8  2034.2  3589.5 14127.3 35763.3  53652.0    53672
read      673.9  1191.7    74.4   142.1   169.9   398.5   524.0   623.3   732.6   998.0  1538.8  2099.9  4503.5 15170.7 32295.0  55512.8    55395
read      490.3   649.1    74.4   129.7   149.8   381.6   506.5   581.2   637.6   723.0   901.1  1195.1  2092.4  7352.2 30778.6  29389.2    29425
read     1028.1  6149.5    80.4   136.9   162.8   416.7   523.6   601.3   683.7   838.6  1135.3  2148.3  8540.4 134908.6 157575.9  15148.6    15173
read      490.2   795.8    74.4   141.9   172.7   392.8   480.8   537.1   585.4   652.8   750.8   924.1  2272.6  9428.6 31671.7  82308.4    82475
read      452.0   525.3    68.9   144.4   175.8   392.3   484.8   539.6   584.9   642.3   729.7   880.7  1401.9  6897.0 22479.9  90499.0    90555
read      539.2   987.5    74.4   130.8   154.3   375.4   484.8   554.7   615.5   697.3   874.7  1567.7  2809.8 13362.1 35257.4  48131.6    47944
read      510.9   870.1    74.4   126.3   146.8   376.5   500.9   574.4   635.5   739.5   960.5  1244.5  2197.1  8814.8 32103.8  28281.6    28313
read      514.4   678.2    80.4   126.2   147.3   382.1   510.9   592.9   667.5   816.2  1066.8  1332.3  2111.5  6261.9 30891.6  28461.2    28504
read      523.5   980.1    74.4   126.7   148.1   381.6   498.9   567.5   626.4   727.5   921.8  1174.8  2687.9 13386.2 36355.9  22871.6    22886
read      544.7   772.8    74.4   128.0   147.9   372.9   504.6   597.9   691.5   933.3  1229.7  1510.1  2292.7  7022.0 31338.9  35648.2    35717
read      474.4   647.0    80.4   132.7   155.7   394.4   487.1   542.2   588.5   654.4   753.0   949.6  2200.9  6656.6 31150.3  14843.6    14828
read      551.4  1081.4    74.4   147.8   184.1   421.8   504.2   557.9   608.6   683.6   795.3   978.6  4241.6 12851.7 33348.9  81563.0    81704
read      548.7   859.7    74.4   133.0   158.1   372.1   479.8   551.4   617.5   723.0  1040.7  1747.2  2756.7  9428.2 31536.5  55920.2    55771
read      562.5  1066.4    74.4   155.8   195.9   431.3   518.3   578.1   632.0   711.4   822.8  1007.6  3719.5 12908.4 32325.9  85235.8    85226
read      556.0  1065.1    74.4   143.0   175.3   410.5   501.9   563.1   620.0   698.3   818.9  1101.0  3547.1 12757.6 32275.8  75096.0    75020
read      483.2   718.9    80.4   138.0   162.1   404.1   496.1   552.4   602.9   671.0   769.3   937.6  2150.3  8363.7 31168.6  12379.4    12441
read      535.0   929.3    68.9   134.6   159.9   382.9   492.2   561.4   620.5   701.3   870.9  1490.6  2734.0 10305.6 35282.1  56446.4    56208
read      466.4   690.3    80.4   129.4   151.4   395.4   495.0   549.6   593.8   658.9   765.3   954.7  1815.9  9896.9 30430.4  17381.8    17446
read      527.8   795.7    80.4   163.0   203.2   431.9   519.0   578.0   631.4   708.8   821.6  1000.0  2188.3  9865.1 31505.1  87145.4    86943
read      620.1  1220.6    74.4   138.4   164.8   392.6   509.5   589.7   662.2   784.2  1166.5  1877.5  4526.8 14351.2 37573.0  48980.0    49138
read      668.5  1114.5    74.4   136.1   161.2   390.2   530.0   665.4   869.8  1281.2  1612.7  1980.9  3418.9 12413.6 33861.9  49774.6    49839
read      587.3   911.1    74.4   131.7   154.1   367.2   490.8   584.1   684.9   945.5  1411.3  1866.8  2763.0  8629.3 31388.7  47705.8    47752
read      540.2   959.9    74.4   126.4   146.9   383.1   508.0   586.0   650.8   764.3  1000.1  1301.5  2884.4 13196.2 35501.2  27063.6    27181
read      419.3   701.6    86.8   154.0   193.0   360.1   423.7   463.4   494.8   530.7   574.7   642.4  1797.5  8212.1 30080.4   6155.2     6170
read      445.6   926.0    86.8   149.6   186.9   374.1   445.5   490.7   523.6   561.0   611.3   691.6  1666.9 14077.7 35891.3   7277.2     7187
read      542.6   632.1    80.4   187.7   243.8   469.0   550.4   616.1   677.6   759.9   864.7  1009.0  1441.5  8705.3 29245.2  99357.8    99387
read      457.4   568.0    74.4   148.1   181.4   396.3   484.5   537.5   581.0   639.9   730.1   883.6  1396.8  7056.6 27625.0  92008.6    91970
read      573.2  1078.7    74.4   149.0   186.2   430.1   512.2   571.1   628.3   719.4   850.1  1119.5  3373.4 12749.8 36472.3  79593.0    79658
read      549.9   970.5    74.4   135.0   161.8   383.6   486.5   555.5   619.2   713.0   923.3  1639.5  2826.7 10889.5 32488.5  59336.4    59230
read      597.9  1112.7    74.4   148.6   187.5   431.1   522.2   584.4   645.4   738.9   884.3  1472.7  4141.5 13394.0 35333.5  78098.8    78081
read      560.0  1084.4    68.9   139.4   167.6   386.9   487.6   554.5   610.3   684.3   804.6  1499.3  4117.9 11795.7 36291.6  64434.4    64242
read      537.4   767.8    74.4   128.9   149.3   368.1   496.5   586.3   667.4   845.5  1195.7  1552.5  2336.1  6689.5 31048.8  37721.2    37702
read      596.3  1028.3    74.4   129.0   150.0   372.6   499.5   599.6   707.8  1020.8  1378.2  1728.0  2933.5 11498.2 36221.5  40747.2    40686
read      478.9   677.9    74.4   124.2   143.0   362.9   484.1   557.3   613.7   689.8   864.5  1190.5  2295.1  7198.4 30330.6  30389.6    30376
read      560.0   938.5    74.4   126.8   146.8   367.4   497.2   587.9   670.6   831.7  1194.9  1634.8  2804.9 10317.3 32512.1  38282.4    38416
read      726.9  1431.1    74.4   155.3   195.7   418.0   531.2   632.2   740.5   980.1  1571.2  2111.8  6078.4 18056.7 35275.9  65868.6    65892
read      536.0   624.5    74.4   126.9   146.9   364.8   493.0   588.2   684.3   933.1  1276.7  1607.3  2264.9  5900.7 20591.5  39649.8    39560
read      463.3   854.3    80.4   140.1   167.4   388.4   465.1   514.3   552.9   602.8   673.7   797.1  2064.6 13034.8 31282.4  10061.8    10016
read      523.1   769.8    74.4   135.7   161.0   378.5   485.1   553.2   609.8   690.2   855.0  1575.4  2588.2  8635.6 31079.2  55192.8    55224
read      487.9   683.8    74.4   130.6   151.8   396.8   513.1   583.9   639.7   721.6   857.2  1073.3  2148.9  6973.6 31714.3  20034.4    19982
read      556.8   878.1    74.4   130.8   153.2   365.3   483.0   567.4   641.8   779.2  1245.2  1762.5  2657.6  8785.5 32225.0  48210.2    48114
read      551.5   836.3    74.4   127.0   147.2   364.1   492.9   583.5   663.7   843.3  1186.4  1575.4  3026.7  8078.3 30666.3  36219.8    36283
read      505.4   717.7    80.4   129.4   149.8   386.9   515.8   592.4   659.1   769.8   959.3  1182.4  2297.8  7104.5 31826.7  23528.0    23315
read      451.8   585.2    80.4   140.0   165.8   393.3   477.1   530.5   571.4   623.0   698.7   833.2  2012.9  5922.2 30952.0  11136.2    11150
read      621.1   793.5    80.4   280.3   347.2   507.1   576.3   654.2   758.2   861.1   951.6  1061.9  1787.3 10541.3 31599.8  98674.4    98724
read      527.3   931.5    74.4   134.5   160.3   379.1   482.5   548.5   603.2   676.4   800.9  1407.9  2800.7 12123.9 31577.6  56795.2    56880
read      453.5   836.3    80.4   134.2   157.6   384.1   463.2   507.7   543.0   587.5   652.3   778.1  2163.6 12768.7 31838.6  13399.8    13467
read      552.4   706.3    80.4   199.1   254.5   474.8   549.7   611.9   672.4   759.9   871.3  1006.3  1504.5 10255.1 31232.2  99337.4    99368
read      607.8   933.2    74.4   134.8   158.2   382.4   507.3   605.1   701.2   945.9  1441.4  1931.6  3269.2  8527.9 32135.3  46269.2    46206
read      795.2  1665.0    74.4   195.8   256.6   472.0   572.2   661.0   745.4   865.7  1091.1  2062.5  8250.4 30173.0 36791.5  71624.0    71651
read      473.8   584.4    80.4   129.7   150.4   388.7   508.7   577.7   629.0   705.3   844.0  1076.4  1750.2  6117.3 28406.0  22726.0    22741
read      612.0  1188.9    68.9   137.6   164.0   390.0   507.3   587.0   659.0   776.1  1136.8  1830.6  3832.4 15475.4 32496.1  56611.8    56654
read      560.0   686.8    74.4   204.0   266.3   477.9   554.3   620.1   681.6   770.0   875.3  1007.0  1391.8  8953.5 31058.1  99639.0    99570
read      456.6   539.8    74.4   126.7   146.8   383.5   496.0   557.9   603.6   661.1   755.8  1001.2  1964.5  6043.3 24096.4  23006.0    23047
read      575.7  1090.1    74.4   145.0   177.9   413.3   508.3   575.9   634.1   719.6   848.5  1308.1  3935.9 12680.2 32474.2  70067.2    70008
read      576.6   885.2    74.4   129.9   151.8   371.3   498.1   591.9   684.8   937.4  1350.0  1737.0  2543.2 10290.1 31364.9  42946.6    42943
read      571.7   891.4    74.4   131.7   153.8   363.1   486.9   576.4   659.3   837.7  1296.9  1824.9  2975.4  7899.1 31756.2  46777.0    46704
read      585.1  1073.4    74.4   149.6   185.9   427.9   518.5   580.1   638.0   729.1   869.6  1404.7  4272.4 10928.7 35227.4  75839.2    75970
read      475.5   745.8    74.4   128.9   148.8   379.7   490.8   554.5   604.5   666.8   773.6  1001.8  2283.5  9539.7 31326.3  21944.6    21917
read      551.7  1010.2    74.4   150.8   187.2   425.7   511.9   570.0   621.5   694.7   811.3  1020.2  3487.5 12206.3 32162.9  82089.8    82027
read      535.7  1002.1    68.9   147.5   181.6   412.9   501.9   559.9   612.3   685.2   796.8   997.7  2857.4 10699.1 35883.8  81372.2    81583
read      433.8   552.4    80.4   131.9   154.1   387.6   471.7   523.0   562.0   610.6   675.9   802.2  1372.2  6221.4 30370.6  14302.8    14259
read      454.6   797.6    86.8   149.8   184.3   388.8   471.2   524.3   564.1   610.1   666.1   745.5  1242.1  9714.0 32759.2   7819.4     7821
read      472.8   720.3    80.4   134.1   157.4   395.1   502.6   568.4   620.7   688.7   792.2   974.8  1677.6  5862.3 37640.3  17685.4    17727
read      693.6  1412.0    74.4   151.9   189.3   424.8   530.8   614.8   693.0   813.7  1117.3  1922.9  6281.7 19768.6 36622.7  65524.4    65559
read      566.5   690.7    74.4   131.1   153.1   377.2   507.3   615.1   730.1  1047.3  1369.3  1679.9  2339.2  6419.9 28083.0  41109.4    41133
read      507.8   784.9    80.4   129.5   150.3   376.4   502.6   581.6   640.1   730.4   922.4  1254.7  2388.9  7941.6 31538.9  28812.4    28693
read      640.6  1051.9    74.4   136.2   161.5   383.7   508.0   613.1   733.0  1093.1  1552.8  2025.4  3607.1 10900.7 32311.4  53249.6    53141
read      680.2  1226.1    74.4   139.2   167.5   393.4   516.2   616.3   731.7  1070.0  1585.8  2120.4  5073.3 14874.7 35736.2  54448.0    54512
read      510.7   940.9    80.4   132.6   155.6   403.2   508.3   580.5   642.1   721.4   816.0   964.9  2568.1 10916.3 32100.5  14683.2    14835
read      542.5   735.4    80.4   195.1   252.7   468.9   546.9   611.3   669.2   742.4   843.4   987.8  1343.3 12287.9 31362.9  98419.4    98446
read      569.0   945.7    74.4   128.4   149.5   373.6   499.3   590.5   673.4   842.0  1250.2  1641.8  2673.0 10722.8 32421.7  38127.2    38117
read      824.9  1891.0    74.4   239.9   300.6   473.8   568.2   659.6   737.2   829.8   964.3  1766.9  9235.7 30444.7 37621.1  77924.6    77994
read      546.8   843.4    74.4   131.2   152.5   381.5   516.0   610.1   689.8   823.2  1070.6  1391.7  2686.9  7198.9 31803.6  30151.4    30209
read      803.3  1705.8    74.4   181.2   231.1   450.7   567.1   667.3   756.6   906.4  1540.8  2271.2  7532.6 29644.2 41158.8  68397.0    68315
read      604.7  1048.8    80.4   189.6   243.0   469.1   551.7   619.0   682.9   768.5   880.1  1042.7  4446.9 12845.7 32317.3  91862.0    91940
read      601.0   872.4    74.4   136.0   160.7   380.9   506.2   607.6   715.1   984.1  1436.2  1865.1  2790.9  8790.8 31604.6  49192.6    49308
read      614.2  1028.3    74.4   135.3   159.3   381.5   508.2   615.7   735.5  1024.2  1421.5  1837.7  2909.7 10991.9 33658.1  47027.4    46880
read      501.8   528.6    80.4   163.0   204.1   434.1   528.5   590.7   642.9   713.1   811.6   973.3  1608.7  6255.9 19406.9  92606.4    92540
read      627.4  1051.5    74.4   137.9   162.9   385.5   510.6   616.7   732.9  1031.2  1475.2  1880.0  3329.5 10146.7 36329.5  49159.0    49396
read      524.9   527.5    80.4   179.6   232.6   468.1   551.3   609.6   662.1   736.1   843.9   999.9  1347.2  6740.8 23950.6  97768.4    97841
read      579.1   969.7    74.4   131.6   153.6   385.2   509.0   602.7   678.8   800.1  1135.8  1637.6  3467.7  8786.7 32175.8  35257.0    35404
read      517.6   911.5    74.4   148.8   181.6   405.3   499.5   559.4   610.6   680.5   779.0   968.2  2659.2 10939.7 32292.8  80678.6    80451
read      463.0   450.6    74.4   150.3   182.9   397.4   490.1   547.7   594.9   657.3   743.8   911.1  1992.0  4571.8 15894.2  86992.0    87228
read      630.2  1269.2    74.4   159.2   200.7   438.7   534.3   604.0   666.5   751.4   881.6  1325.9  5067.8 15615.3 36250.2  75599.2    75554
read      676.6  1185.4    74.4   150.0   182.1   417.0   538.6   632.1   731.9   942.4  1481.5  2138.5  4290.5 12675.6 36128.7  58010.4    57964
read      493.0   789.3    74.4   146.2   178.5   400.7   493.5   550.2   597.7   664.3   759.5   939.9  2239.6 10884.3 31721.2  83333.0    83546
read      646.3  1148.6    80.4   142.3   169.9   395.2   513.1   601.5   692.9   888.3  1410.2  2025.0  4484.4 12295.8 32406.5  55525.0    55468
read      703.7  1363.7    80.4   138.5   163.0   414.4   581.2   730.9   932.6  1203.4  1433.8  1798.8  5095.6 23121.4 37458.7  34195.6    34203
read      707.8  1519.2    74.4   136.2   159.9   402.5   549.2   677.5   835.2  1156.5  1441.3  1819.3  5788.1 28418.1 35578.3  37564.2    37629
read      594.7  1000.9    74.4   132.0   154.6   385.1   525.5   630.5   729.9   926.6  1231.4  1603.7  3519.4  9322.3 32251.0  34435.2    34577
read      568.4   826.4    74.4   130.9   153.1   363.3   489.7   586.2   684.6   904.1  1334.5  1758.6  2563.3  8712.7 30717.7  47491.4    47426
read      721.2  1183.8    74.4   151.1   186.9   420.2   547.0   663.2   797.6  1205.0  1697.6  2301.6  4637.1 12976.8 35176.4  59034.0    58845
read      819.1  1570.5    74.4   179.2   236.9   467.1   586.6   704.2   819.3  1042.0  1645.9  2302.3  6761.3 25735.4 37283.5  67087.8    66993
read      490.4   858.8    80.4   137.5   164.0   375.1   454.0   505.2   550.8   618.6   714.4   892.8  3369.8  8548.8 31162.3  11045.0    10977
read      600.5  1067.0    74.4   135.6   160.5   381.1   495.9   581.7   664.7   811.3  1285.4  1830.3  3239.7 12842.9 32317.6  51375.8    51529
read      565.8   701.8    74.4   132.3   154.9   368.1   491.5   594.8   706.5   991.4  1400.9  1755.2  2461.2  6333.2 27977.2  48333.4    48344
read      499.9  1592.0    93.8   162.4   192.6   354.4   411.8   446.4   472.3   509.1   569.2   679.6  3150.1 29448.3 43804.8   5896.6     5902
read      712.2  1466.9    74.4   165.6   214.7   447.4   550.3   637.4   719.0   830.7  1047.0  1823.5  6346.4 21302.1 37086.9  71531.4    71602
read      583.1   749.0    80.4   131.9   154.8   382.4   512.5   628.9   762.9  1100.9  1408.9  1717.7  2392.3  7812.3 27972.2  41763.6    41886
read      581.0   803.9    74.4   133.1   155.7   372.4   496.9   603.5   723.0  1043.6  1423.7  1774.6  2493.6  8528.8 31191.2  47452.0    47456
read      471.7   481.7    74.4   157.9   196.0   411.5   495.5   547.9   594.1   659.2   750.1   896.7  1565.5  5923.4 15827.9  93946.4    93939
read      473.8   838.9    80.4   130.9   152.8   381.0   477.2   536.5   585.4   650.7   753.1   935.4  2248.7 12913.2 36020.0  17002.2    16890
read      567.4   939.3    74.4   130.7   153.4   368.1   486.7   575.0   655.6   809.0  1260.4  1708.8  2730.4 10740.7 32328.5  45685.6    45689
read      559.0   825.2    74.4   129.3   151.1   374.1   503.4   604.6   702.7   899.1  1206.0  1520.6  2676.7  7807.1 31561.5  32782.8    32790
read      568.2   847.1    74.4   129.9   151.1   361.6   484.4   582.2   680.0   927.8  1340.8  1747.9  2724.3  6294.4 31743.5  43981.2    44044
read      544.5   920.2    68.9   128.3   149.9   376.9   505.7   599.7   689.0   868.5  1111.9  1360.7  2547.6 10419.7 37923.9  28061.8    28149
read      567.2   912.5    74.4   128.0   148.6   365.3   487.4   583.4   674.1   894.5  1288.0  1667.9  2733.3  9340.4 32140.9  39593.8    39739
read      810.4  1649.6    74.4   200.0   266.0   462.4   580.5   700.3   792.7   929.2  1505.9  2100.7  8218.2 29031.7 38749.5  72353.4    72475
read      479.1   441.9    74.4   163.2   203.4   423.8   507.7   562.5   609.3   673.8   765.3   914.7  1437.2  5519.6 13798.5  93748.4    93882
read      445.7  1012.7    86.8   156.1   181.9   356.9   414.6   449.1   476.4   513.5   567.5   673.2  2734.8 12202.1 32199.2   6746.0     6692
read      574.0   788.6    74.4   132.7   156.3   371.5   487.8   581.6   683.5   925.2  1398.1  1792.6  2637.7  7999.5 30521.5  50238.2    50406
read      534.5   959.2    74.4   151.3   189.8   418.9   506.8   562.4   612.6   683.9   786.7   982.8  2565.1 12754.3 32348.8  82814.2    83055
read      617.3   857.7    74.4   139.7   167.3   391.2   510.7   613.5   732.9  1038.9  1503.2  1967.9  2861.1  7536.7 31790.7  55396.0    55609
read      437.8   424.7    80.4   131.0   152.2   380.2   478.2   537.2   585.2   651.3   749.6   934.0  1454.6  4679.8 12846.2  16873.0    16968
read      584.3  1056.0    74.4   132.2   155.8   377.3   495.2   579.2   656.0   781.1  1133.3  1701.7  3900.8 10762.7 32496.8  42979.8    43031
read      435.8   548.5    80.4   129.8   151.0   368.9   460.3   514.5   556.9   611.9   702.9   876.4  2202.6  7010.8 25402.3  17306.6    17236
read      448.1   526.5    74.4   140.3   169.1   381.7   469.6   523.5   565.9   624.1   709.8   863.6  2139.6  6385.6 22101.3  82208.2    82183
read      578.4   706.8    74.4   131.3   154.3   378.5   506.3   624.5   773.1  1106.7  1402.9  1702.3  2470.2  7032.1 28480.3  42122.2    42212
read      448.2   679.9    80.4   137.2   162.0   385.2   469.4   522.8   564.3   620.3   704.4   860.0  1829.0  6572.7 31421.5  12238.8    12244
read      729.7  1462.7    74.4   158.5   197.9   432.6   543.2   633.6   721.2   859.4  1414.1  2152.8  6363.2 21139.4 37100.2  61852.2    61777
read      594.5   829.2    74.4   136.4   159.5   394.6   523.6   634.9   759.9  1026.6  1369.4  1692.1  2654.6  8742.9 31083.4  37098.8    36984
read      557.5   903.4    74.4   129.0   150.6   380.9   511.3   614.0   724.9   930.5  1170.2  1430.0  2592.4  7998.2 33262.3  29163.2    29093
read      565.4   960.9    80.4   128.6   149.8   359.5   478.1   565.0   641.7   787.5  1188.8  1712.4  3543.4  8110.1 31925.8  41793.2    41715
read      583.7   937.8    74.4   130.0   152.2   374.6   504.3   607.0   711.8   944.7  1263.5  1628.1  3447.1  8888.7 32294.2  34964.8    34838
read      779.9  1625.3    74.4   161.4   204.4   425.7   534.1   625.4   717.5   865.3  1493.6  2492.8  6921.1 28739.9 36855.6  63380.8    63574
read      511.1   776.4    80.4   131.3   152.1   374.7   489.4   563.2   624.7   716.2   896.6  1276.3  2615.7  6427.8 31617.5  24302.0    24401
read      509.9   838.0    74.4   128.2   149.2   368.4   487.6   563.8   628.0   726.3   925.6  1302.2  2537.3  8630.7 31453.1  32005.2    32025
read      605.6   688.0    80.4   271.1   333.4   509.6   588.5   664.8   740.2   832.8   929.0  1052.9  1509.8  9176.4 30614.6  99069.4    98971
read      455.2   608.8    80.4   127.7   147.5   367.8   475.9   541.2   591.3   660.6   783.6  1022.5  2244.5  6935.7 30484.4  23707.4    23657
read      691.8  1445.2    74.4   154.9   195.5   425.2   525.0   604.0   678.6   786.6  1004.9  1918.7  6474.3 20396.6 37176.9  67835.2    67877
read      594.6   884.6    74.4   135.7   160.6   375.9   490.2   579.8   683.0   938.5  1422.2  1892.8  2882.4  7690.3 31809.6  53882.4    53849
read      529.5  1035.1    74.4   145.2   179.1   403.5   496.6   554.2   601.8   669.1   766.2   966.9  2886.5 12749.0 35500.0  79624.8    79536
read      416.0   501.3    80.4   131.6   152.5   368.4   460.7   510.1   547.8   594.2   667.1   817.4  1271.4  5701.8 13387.6  17086.8    17081
read      608.8  1217.9    74.4   130.8   153.6   372.6   493.3   579.0   657.2   799.2  1222.4  1794.5  4109.7 14572.3 35864.2  38968.8    39024
read      496.3   788.6    74.4   127.7   148.8   366.7   485.1   558.8   619.8   709.1   899.0  1223.8  2524.7  7320.2 31596.4  26174.2    26125
read      485.1   784.6    74.4   127.7   147.1   358.7   476.8   549.9   609.3   689.8   851.2  1226.5  2426.3  7791.0 31584.8  33195.6    33388
read      502.5   731.5    80.4   132.0   154.3   382.2   492.3   557.4   612.0   688.3   838.6  1170.7  2712.2  6339.5 31668.0  20975.4    20979
read      543.5   593.5    80.4   190.6   242.2   464.2   554.5   624.6   685.4   762.7   859.5  1005.8  1749.0  8170.3 21185.2  95795.6    95865
read      688.8  1483.9    74.4   161.5   207.3   438.7   537.9   611.8   679.7   774.7   926.5  1630.3  6863.8 21842.2 36242.0  73850.4    73949
read      712.2  1218.0    80.4   155.3   191.4   424.1   552.1   665.7   792.0  1090.9  1568.8  2154.1  4585.3 12520.3 35296.4  61092.2    60987
read      607.9   905.1    74.4   138.3   164.9   380.0   495.3   586.4   688.7   957.0  1462.7  1949.9  3083.6  8434.2 31540.7  54538.0    54175
read      600.4   997.5    74.4   134.4   159.3   374.4   490.0   581.7   687.5   948.2  1403.0  1839.8  3011.4 11391.7 36642.8  51649.6    51484
read      564.1   653.2    74.4   130.5   153.6   378.2   509.4   625.1   760.2  1073.6  1373.1  1637.9  2332.5  6129.6 27948.4  39712.4    39771
read      558.4   954.7    74.4   130.0   152.3   372.2   494.2   582.4   658.3   812.6  1132.3  1497.3  3004.6  9390.4 32192.0  32754.8    32864
read      558.4   853.5    74.4   130.3   152.3   365.2   484.6   570.6   650.0   794.7  1214.8  1717.9  2757.7  7062.5 31718.1  42068.2    42033
read      580.6   874.9    74.4   131.5   154.0   370.2   496.3   596.1   697.1   944.0  1354.9  1756.6  2749.3  8762.3 31660.8  43503.2    43808
read      541.9   832.9    74.4   127.6   149.2   356.6   470.9   551.8   626.5   749.6  1117.0  1679.5  2783.3  7181.1 31639.6  45780.8    45785
read      515.4   886.7    74.4   125.1   145.0   350.9   469.2   547.4   610.7   703.6   928.2  1409.5  2727.7  8206.5 35172.5  35538.2    35582
read      564.1   911.0    74.4   128.5   150.1   366.2   491.7   578.6   656.5   802.3  1187.2  1681.5  3036.8  8412.8 32432.1  38371.0    38504
read      527.4  1220.3    80.4   132.2   153.2   380.4   479.3   537.9   585.6   650.0   766.0  1034.0  3445.0 20127.6 43923.9  15388.0    15320
read      630.5  1223.6    74.4   152.5   193.0   425.0   520.4   590.4   658.2   750.5   914.5  1633.0  4946.2 14316.8 35703.9  74075.0    74264
read      563.5   668.6    74.4   132.6   155.1   372.8   497.5   604.4   724.6  1025.6  1397.7  1702.3  2432.3  6669.7 22737.8  43918.4    43890
read      410.6   902.7    86.8   152.0   173.8   347.9   405.8   441.9   471.1   500.8   542.0   620.4  2054.1 11540.0 36271.3   5924.8     5962
read      566.2   962.5    74.4   128.8   150.2   362.6   483.8   569.5   644.0   784.8  1155.1  1660.3  3565.9 10605.6 31764.3  38386.6    38365
read      628.7  1142.9    74.4   137.8   164.2   374.4   488.4   577.7   670.3   862.2  1384.9  2002.6  4248.5 12808.9 34760.9  55965.6    55971
read      502.5   775.2    74.4   128.4   148.6   370.7   491.7   560.0   614.0   688.7   842.0  1188.1  2842.3  7815.8 31544.7  23076.6    23217
read      470.5   525.6    74.4   147.3   181.4   402.0   488.2   541.5   587.8   651.0   747.1   922.9  2046.6  6130.9 14836.5  87638.4    87681
read      444.9   423.8    74.4   146.7   179.9   388.1   473.5   525.3   567.6   625.9   709.3   852.6  1696.3  5140.8 11972.2  91642.6    91728
read      453.3   353.1    74.4   158.1   196.9   408.6   492.1   543.3   586.2   642.0   728.4   867.8  1237.3  3898.9 12686.7  96704.6    96668
read      521.8   878.1    74.4   146.7   181.5   406.8   498.2   555.4   605.7   677.4   784.7   995.1  2742.5  9466.5 31992.2  80450.0    80475
read      496.1  1009.0    74.4   127.6   147.3   356.6   477.2   543.9   591.5   656.6   767.8  1048.0  2898.0 13080.8 32709.2  27289.0    27150
read      589.1   860.2    74.4   135.7   161.6   385.1   506.1   592.6   678.4   854.9  1305.9  1864.4  2941.7  8339.7 31175.9  53505.6    53444
read      485.4   821.5    74.4   127.7   148.1   367.4   486.2   553.3   607.8   685.6   853.1  1139.5  2553.4  6988.9 36178.5  23753.0    23737
read      496.5   707.8    74.4   152.6   190.1   415.7   505.0   564.1   613.5   679.6   777.9   942.8  1856.0  9997.9 30856.9  87827.8    87776
read      539.6   887.6    68.9   150.4   188.7   430.2   518.6   577.7   630.1   706.0   821.6  1051.7  2540.5 12300.1 31714.9  82358.6    82175
read      602.4   868.5    80.4   220.8   291.9   500.3   577.6   641.5   713.3   805.2   916.9  1063.3  1777.3 11074.2 32221.2  98592.2    98548
read      618.5   890.4    74.4   139.0   164.3   404.7   532.8   630.9   736.9  1075.6  1527.2  1851.1  2583.1 10341.6 35190.3  37589.4    37704
read      868.5  1371.7    80.4   198.1   267.8   496.6   669.8   850.2  1088.1  1569.9  1822.1  2384.4  5485.2 13869.6 36332.2  64816.6    64701
read      642.6  1220.3    74.4   148.0   186.5   428.3   536.5   617.2   687.1   797.0  1029.3  1722.5  4553.7 14851.4 32503.5  68974.2    69089
read      484.6   581.6    74.4   151.3   190.5   422.8   508.1   560.0   603.4   662.3   755.5   924.5  1738.7  7095.8 26716.1  89573.8    89785
read      429.7   763.4    74.4   128.6   148.4   368.1   461.6   510.1   546.3   591.0   659.6   810.8  1597.0 10913.7 35536.7  16539.2    16676
read      582.9  1044.1    74.4   140.6   173.7   409.3   502.5   569.6   632.0   725.9   906.9  1612.5  3326.2 13058.4 35533.5  69592.4    69604
read      509.0   608.1    74.4   183.8   235.5   445.9   518.7   573.6   627.4   704.0   799.8   928.4  1295.7  8589.9 29949.7  99630.6    99682
read      511.2   513.2    74.4   177.0   226.4   452.2   537.7   595.6   647.1   716.9   814.7   966.5  1357.0  6236.0 20047.2  97773.0    97693
read      437.4   590.1    74.4   130.3   149.7   377.3   482.5   539.6   581.6   634.9   722.4   893.5  1488.8  6909.3 29779.6  17503.6    17381
read      558.1   977.6    74.4   130.2   151.8   365.6   489.6   572.2   640.4   759.5  1099.4  1652.3  2891.1 10850.3 35415.7  39939.6    40069
read      432.3   928.9    80.4   141.6   164.6   361.2   434.4   472.0   503.4   544.6   598.8   704.3  2137.6 11042.5 32464.7   8890.0     8841
read      641.9  1228.7    74.4   141.0   170.6   400.3   512.0   592.9   669.1   797.1  1191.4  1975.8  4613.9 12955.6 36266.9  56515.0    56576
read      424.3   515.1    74.4   126.8   145.4   354.5   469.0   527.6   571.0   623.5   711.4   916.9  1522.3  5809.2 17755.4  21738.8    21599
read      623.2  1123.4    74.4   135.5   161.7   387.3   502.7   583.6   664.6   821.0  1370.2  1980.3  3898.9 12556.0 32309.3  52909.8    53003
read      427.7   623.7    80.4   125.9   145.5   358.9   468.9   527.0   570.9   625.5   717.3   900.0  1469.9  5810.5 31111.0  19943.6    19831
read      469.0   566.2    74.4   141.0   171.3   395.3   486.0   538.5   580.9   638.0   732.6   915.1  2390.5  6963.9 19882.5  80463.0    80340
read      533.9  1009.1    74.4   129.1   150.3   366.4   489.7   566.3   624.4   706.9   910.0  1338.7  3139.5 12709.7 32018.1  28806.2    28765
read      490.0   890.6    74.4   127.7   147.6   359.0   483.0   551.4   601.2   670.1   798.3  1122.7  2723.5  7425.9 32263.0  25590.8    25572
read      568.6  1123.2    74.4   128.0   149.3   362.0   485.3   568.4   637.5   755.6  1087.5  1613.2  3459.6 11378.9 36840.6  37156.4    37071
read      819.0  1760.5    74.4   229.5   297.9   487.0   585.7   681.3   765.1   866.3  1011.8  1818.6  8661.6 29772.7 37194.9  75547.4    75819
read      577.6  1034.5    74.4   130.8   153.0   360.4   481.4   572.5   651.7   807.6  1231.5  1725.2  3263.2 11393.6 32266.7  44260.4    44359
read      572.7   613.7    74.4   200.4   265.0   486.7   564.7   629.0   694.4   794.7   908.5  1067.4  2076.8  8148.6 29936.4  96242.2    95960
read      710.1  1286.0    74.4   150.4   185.0   416.2   536.0   639.5   755.2  1004.9  1571.8  2188.4  5426.9 12684.9 35313.1  59738.6    59630
read      587.3   896.3    74.4   130.9   153.8   368.1   493.4   585.9   671.8   867.0  1388.3  1903.3  3022.1  8043.0 31921.6  48012.2    47930
read      753.0  1417.3    74.4   163.0   208.7   441.4   559.3   663.6   775.1  1002.2  1575.8  2213.8  6044.0 19303.8 36610.3  65481.0    65545
read      527.4   667.5    74.4   176.5   228.5   450.7   533.6   591.5   644.3   719.1   818.7   965.6  1574.6  9039.9 30700.4  94074.4    94038
read      614.8  1012.8    74.4   138.2   165.0   383.0   502.7   592.7   682.9   879.8  1395.3  1939.1  3368.6 10811.2 32051.0  51930.4    51806
read      606.2   930.3    74.4   134.1   159.1   374.6   500.4   594.3   690.9   921.6  1397.2  1928.4  3408.0  8012.0 32048.9  48571.4    48712
read      418.9   641.0    80.4   132.5   153.1   365.2   459.0   506.3   543.2   589.4   651.4   775.7  1422.8  5468.2 31110.2  13043.0    13115
read      569.2  1055.3    74.4   148.0   184.3   416.5   507.1   570.3   626.2   706.2   834.1  1166.3  4409.4 12576.1 32462.2  76327.8    76569
read      432.8   602.3    80.4   128.1   147.3   361.3   474.6   530.4   573.0   625.1   700.5   875.0  1682.5  7558.8 30209.1  19375.2    19372
read      638.8  1449.5    74.4   142.9   174.4   400.8   506.0   580.7   643.2   733.8   936.3  1723.1  5168.6 23681.6 37279.9  59548.2    59331
read      712.6  1200.3    74.4   152.9   189.1   408.8   535.3   642.9   767.4  1115.7  1640.9  2452.8  4671.0 12216.9 34002.7  62635.6    62597
read      572.8  1101.5    74.4   129.9   151.6   362.8   492.5   577.6   646.7   764.5  1090.7  1644.1  3626.5 12625.4 36949.6  37724.8    37702
read      595.3   990.3    74.4   129.3   151.9   366.6   495.8   587.9   676.7   885.8  1332.0  1844.4  3471.9  7869.2 32270.8  41885.6    41975
read      509.2  1036.0    80.4   125.3   145.1   352.7   483.5   556.6   618.5   709.5   891.5  1191.0  2735.2 11043.1 37181.0  26062.6    26100
read      465.9   657.5    74.4   141.3   171.3   381.6   470.9   525.1   568.6   627.4   715.2   892.4  2441.3  7243.8 30994.1  82592.2    82500
read      592.2   975.5    74.4   132.6   156.5   367.4   487.4   573.2   654.6   822.6  1318.4  1861.1  3532.5  9796.0 32007.5  50728.6    50756
read      795.1  1503.9    80.4   172.3   224.0   450.9   577.5   696.4   815.4  1074.6  1643.5  2295.4  6519.1 23933.6 36727.1  66725.8    66696
read      596.8   892.3    74.4   133.3   157.8   366.7   488.6   582.5   689.2   971.6  1432.1  1875.9  2963.5  9361.4 31161.6  53492.6    53364
read      446.8   803.3    80.4   137.8   161.3   355.4   444.6   493.8   531.0   576.1   639.2   782.0  2608.2  7982.3 32044.5  10380.4    10413
read      686.4  1317.6    74.4   152.6   191.2   430.8   540.0   627.3   707.6   839.4  1290.4  1942.2  4999.1 14245.5 36710.4  65193.8    64876
read      819.7  1756.4    74.4   190.7   247.2   454.1   571.0   671.7   758.1   896.1  1425.6  2332.1  8419.7 30241.3 37306.3  68937.2    69079
read      496.0   945.6    80.4   130.1   150.8   368.7   497.6   566.4   620.7   700.8   841.4  1066.5  2673.2 14263.7 32377.4  19533.8    19447
read      492.5   933.0    74.4   143.0   173.0   379.3   467.5   525.5   573.4   635.2   726.0   900.2  2652.6 12736.3 32271.6  81097.2    81182
read      466.2   768.8    74.4   125.7   145.0   347.2   469.6   538.9   587.5   653.2   763.4  1034.5  2701.8  7837.9 30744.3  25298.8    25265
read      403.7   611.0    86.8   140.0   164.1   343.3   417.1   464.0   498.1   536.7   585.9   675.9  1991.9  9671.6 28552.7   9602.8     9699
read      590.0  1100.4    74.4   132.6   156.7   368.2   483.3   566.3   638.1   763.6  1187.1  1802.0  3784.0 12068.4 35403.9  48640.2    48659
read      657.7  1350.8    74.4   156.1   200.8   440.1   529.7   595.9   663.6   757.5   896.2  1501.1  6170.4 16608.1 35166.6  75165.6    75126
read      553.7   628.3    74.4   203.3   264.6   483.3   558.6   616.6   674.0   761.1   876.6  1020.9  1615.4  7223.4 30161.2  96925.8    96559
read      612.5   909.8    74.4   137.8   164.3   378.4   498.8   595.2   703.1   975.9  1477.6  1919.9  2977.6  8702.9 31321.1  55973.8    55885
read      428.7   993.8    80.4   140.4   164.4   342.4   412.7   459.4   494.1   535.0   585.3   676.4  2414.1 14834.9 32403.7   9101.0     9039
read      683.0  1307.4    74.4   150.0   186.8   409.0   517.3   605.2   687.8   823.1  1393.5  1990.9  5917.6 15175.3 32488.2  66160.8    66378
read      568.3  1128.2    74.4   127.7   148.9   348.3   466.6   550.9   618.1   723.4  1054.6  1722.1  3803.9 13308.7 32359.8  41191.6    41225
read      586.6   970.4    74.4   130.6   154.3   361.3   478.3   563.1   640.7   788.6  1284.0  1905.8  3589.5 10305.8 32260.4  52513.4    52371
read      578.4   944.8    74.4   130.7   152.4   365.4   502.1   605.9   701.5   910.5  1278.7  1679.8  3048.9  7912.0 35971.1  39972.6    39873
read      628.1  1195.3    74.4   131.3   154.0   372.1   503.7   604.2   700.3   930.9  1354.2  1892.5  4220.9 12828.8 37848.3  41127.4    41176
read      492.8   720.6    74.4   147.5   183.5   406.1   493.6   546.7   591.9   656.8   755.5   925.9  2371.4  9155.9 30258.0  85507.6    85357
read      470.2   603.3    74.4   144.0   178.4   402.6   499.1   554.0   596.5   650.6   732.8   897.6  1945.6  5826.9 29385.9  85190.8    85391
read      457.6   490.7    74.4   149.3   185.3   402.1   488.8   539.9   581.8   638.1   726.7   873.1  1469.5  5339.7 18648.5  91703.4    91890
read      691.9  1520.3    74.4   141.1   170.1   396.8   509.1   587.0   656.5   780.5  1166.5  2377.3  6639.9 25351.5 38768.1  57777.4    57558
read      437.6   686.3    80.4   137.8   161.3   354.2   438.9   501.3   547.5   593.4   659.6   770.8  2661.7  8266.1 30722.9   9981.4     9972
read      554.2  1048.1    74.4   143.7   177.8   413.4   505.3   563.4   612.8   682.4   788.5  1001.5  4570.6 12242.7 32176.6  74509.4    74636
read      589.0  1367.3    74.4   127.4   148.7   355.2   477.3   560.7   623.1   717.6   958.8  1749.1  3833.8 25697.0 39244.8  29927.4    29773
read      737.2  1388.4    74.4   154.2   192.3   409.6   526.5   631.2   738.4  1002.6  1620.8  2487.8  5593.2 19496.3 35847.6  63623.2    63494
read      404.0   882.2    86.8   147.9   173.8   332.1   398.1   437.8   471.3   519.6   572.3   647.8  1766.0 11074.6 39410.9   7197.6     7201
read      608.7  1146.8    74.4   132.4   156.5   371.1   492.4   588.5   685.3   918.3  1369.2  1804.0  3057.6 18104.5 32277.3  49529.0    49507
read      662.6  1253.5    74.4   148.6   185.6   415.1   522.7   609.2   688.7   811.7  1191.8  1875.9  4840.1 15112.8 36490.7  65490.4    65454
read      485.5   492.8    74.4   150.9   190.7   426.7   518.0   572.8   616.6   674.6   763.6   940.7  1705.7  5617.2 17988.4  88444.2    88537
read      548.7  1215.5    74.4   130.2   153.0   361.9   468.3   540.9   594.9   660.2   766.7  1411.7  3724.6 15947.2 36660.6  36882.4    36982
read      511.2   787.5    74.4   153.9   194.2   422.1   505.4   558.2   604.7   673.4   774.9   938.5  2206.0  9384.4 31094.9  89021.0    88964
read      480.4   464.0    80.4   164.3   208.2   427.8   510.5   563.3   607.8   667.4   759.4   921.4  1435.5  5561.8 14988.0  96413.8    96479
read      554.2  1174.8    74.4   130.8   155.1   368.4   467.2   536.3   590.3   660.0   779.9  1504.7  3990.5 14730.7 35129.7  47955.0    47883
read      526.5  1119.1    74.4   129.9   154.1   367.6   467.1   532.0   584.0   649.1   751.9  1273.8  2974.6 14704.1 36999.0  50675.6    50650
read      478.7   522.2    74.4   150.4   188.6   416.4   507.5   561.3   604.9   664.0   751.5   923.2  1719.3  6292.5 21256.0  89218.2    89242
read      355.9   755.2    74.4   151.9   175.7   312.8   361.7   387.9   405.1   427.9   457.5   509.3   745.5  8874.1 44611.3   7385.6     7374
read      411.3   759.4    80.4   145.5   170.4   332.8   397.9   435.0   466.0   510.3   576.7   686.7  2621.7 11632.4 30719.3   8495.0     8507
read      547.3  1089.7    74.4   133.3   158.7   373.2   471.3   541.8   599.6   673.6   803.1  1543.5  3167.5 16341.2 32430.9  50727.6    50676
read      559.9  1111.3    68.9   134.1   160.8   381.0   479.3   545.5   598.0   665.6   779.0  1393.7  4460.6 12577.8 35870.3  57052.0    57069
read      589.3  1229.8    74.4   136.4   161.6   386.1   494.1   567.0   626.5   704.9   852.0  1601.3  4862.7 14334.3 35997.5  43597.6    43520
read      612.8  1359.4    74.4   140.3   169.8   395.9   495.6   566.9   626.1   705.4   849.6  1682.3  4730.0 20025.3 36603.5  56788.8    56720
read      650.4  1488.2    74.4   148.5   187.1   427.9   521.2   586.6   646.8   735.8   866.9  1234.2  7375.9 22111.2 37792.6  68089.8    68155
read      590.8  1316.3    74.4   137.4   165.3   386.5   481.4   545.9   602.0   680.2   804.4  1524.1  4774.6 17388.7 35674.3  60587.8    60444
read      608.6  1167.5    74.4   141.4   173.4   409.0   508.4   580.4   639.2   727.8   884.0  1635.6  4927.4 12377.9 32356.2  63946.2    63997
read      380.5   389.4    80.4   125.8   145.4   343.3   430.3   477.8   514.7   562.3   618.1   710.4  1109.6  4443.2 13578.3  17435.2    17315
read      525.5   964.2    74.4   143.3   176.5   400.8   491.8   548.7   597.2   663.0   762.1   955.0  3134.1 11728.8 32012.1  78483.6    78596
read      490.2   606.8    74.4   148.5   181.3   402.1   494.8   555.8   608.5   678.6   782.3   989.2  2300.8  6286.7 30420.5  81379.0    81548
read      478.5   412.7    74.4   175.6   220.0   429.7   509.8   562.1   607.4   671.8   764.3   905.2  1238.7  4936.3 14549.6  97237.0    97254
read      607.0  1489.2    74.4   134.1   159.9   381.9   480.6   550.0   611.3   686.0   815.4  1547.0  5026.2 27762.1 37127.0  46190.4    46135
read      367.1   401.2    80.4   131.0   152.9   344.2   416.2   455.8   484.9   520.6   574.5   650.6   829.7  3776.6 15429.2  13395.6    13379
read      567.4  1251.1    68.9   134.0   158.8   373.3   474.3   542.7   602.1   676.3   799.6  1461.5  4335.2 17504.1 35705.2  46872.8    46993
read      476.5   467.0    74.4   164.8   204.9   413.2   504.2   567.2   617.5   677.9   757.5   898.8  1524.2  5905.4 13170.7  98159.8    98274
read      467.6   410.4    74.4   164.4   205.4   416.1   497.8   547.9   592.0   656.5   748.7   892.7  1370.1  5139.4 12976.3  97062.8    97056
read      572.4  1235.6    74.4   133.1   158.0   373.7   478.6   545.9   607.0   682.6   806.9  1506.3  4489.5 15611.1 34798.2  43512.6    43434
read      550.5  1269.2    74.4   128.3   150.3   357.0   462.9   533.1   592.6   664.6   779.6  1379.5  3504.0 26619.4 35406.2  36412.4    36406
read      462.4   430.5    74.4   161.4   201.9   408.9   493.6   549.0   595.3   655.3   737.1   869.5  1295.6  5456.1 13213.5  99119.2    99121
read      467.3   565.1    74.4   140.3   170.6   390.8   485.3   544.9   593.8   657.2   743.8   909.8  2164.3  6111.9 22041.5  80572.8    80708
read      553.9  1364.7    74.4   129.2   152.0   361.5   462.3   527.6   584.3   658.1   767.3  1260.6  3980.5 20069.5 36798.8  40572.2    40517
read      538.2  1220.1    74.4   129.2   150.9   355.4   464.4   532.5   589.5   661.7   759.4  1216.1  3580.6 19402.4 35344.3  34136.6    34168
read      370.2   593.2    80.4   135.1   158.8   335.0   401.5   436.9   463.0   494.7   537.3   621.9   877.5  7075.9 31349.2  11754.6    11754
read      506.7   632.4    74.4   162.2   208.1   442.5   525.4   577.9   621.8   683.3   788.3   961.4  1637.7  8490.6 30737.7  93121.8    93304
read      639.8  1447.5    74.4   142.0   175.6   414.9   507.5   574.5   633.3   717.5   854.4  1488.4  6747.1 21390.6 36167.7  64726.8    64697
read      454.8   484.5    74.4   151.2   185.4   391.5   476.8   531.6   576.8   635.1   723.4   870.1  1768.9  5511.5 16167.6  92510.8    92626
read      581.9  1132.8    74.4   148.0   186.0   426.9   519.2   583.2   639.9   720.1   842.7  1135.1  3816.0 13186.2 32580.4  75525.2    75618
read      454.6   472.8    74.4   144.2   177.1   394.0   485.6   540.2   584.9   641.9   727.2   881.7  1837.3  5112.4 17581.6  85958.4    85805
read      416.2   678.9    74.4   129.4   149.3   354.9   449.7   499.8   537.0   587.1   659.5   767.3  1486.5  6675.7 30971.6  19022.4    18930
read      610.5  1296.4    68.9   139.6   166.7   390.7   498.7   572.8   639.8   728.7   893.1  1696.0  4648.8 16765.3 35363.8  50278.4    50153
read      378.7   705.7    80.4   141.3   166.0   339.5   399.6   431.9   455.7   484.2   524.2   594.6  1012.3  7263.8 35847.7  10459.4    10377
read      528.8  1204.7    74.4   130.2   152.7   362.4   471.6   538.3   592.0   664.7   762.6  1151.6  3081.4 16989.1 36076.6  33205.8    33112
read      527.1  1227.6    74.4   128.1   148.8   354.3   462.3   525.8   575.5   647.9   743.5  1074.6  3427.5 16246.0 32484.4  28840.2    28777
read      540.2  1091.0    74.4   133.5   158.0   378.0   479.2   544.2   598.8   676.2   792.2  1337.6  3181.9 12980.9 32393.8  45685.2    45709
read      631.9  1370.5    68.9   145.1   185.6   431.6   522.7   584.4   642.3   731.4   867.8  1228.9  6736.7 14968.2 40855.0  74459.4    74458
read      620.0  1284.3    68.9   145.8   187.7   432.1   515.6   574.8   632.9   722.0   848.0  1112.7  7024.7 14556.1 32563.6  73546.6    73596
read      523.1  1279.6    74.4   124.2   145.0   345.2   453.1   517.9   567.8   635.3   738.4  1045.3  3829.8 20717.1 36746.3  28092.0    28031
read      537.6  1102.0    68.9   132.2   156.9   368.3   467.2   532.3   585.5   659.6   773.2  1382.1  3250.4 11912.9 36126.1  45766.8    45754
read      496.5   757.3    74.4   141.1   172.6   396.5   487.0   542.1   588.5   655.5   756.3   977.2  2634.7  9793.8 30898.2  80143.0    80138
read      631.1  1448.6    74.4   140.8   173.2   406.7   499.3   565.2   623.9   703.4   824.6  1283.5  7003.1 24415.6 36730.0  64321.8    64350
read      510.1   830.3    74.4   131.9   156.5   374.5   473.7   536.3   588.8   663.4   780.5  1352.9  3002.3 11372.9 31333.7  51743.2    51870
read      458.2   553.9    74.4   138.1   167.7   385.8   477.3   533.1   577.6   637.4   726.0   885.5  2196.9  6329.7 18800.4  81260.6    81106
read      457.2   482.9    68.9   139.2   169.9   387.2   480.4   537.7   584.6   648.0   737.5   902.3  2042.9  5259.1 16660.1  81806.8    82064
read      425.7   441.9    74.4   129.7   151.3   369.4   465.9   528.3   575.2   630.6   705.0   855.3  1514.2  3518.2 13881.9  30650.0    30534
read      431.6   658.9    80.4   126.3   147.2   360.8   460.6   521.3   563.9   614.6   687.9   880.9  1456.8  8532.0 31147.8  25425.0    25449
read      457.7   561.3    80.4   135.6   161.5   379.1   474.1   532.2   577.7   638.1   723.8   872.5  2464.5  5639.4 25610.7  67305.8    67525
read      432.3   457.8    74.4   129.6   151.3   367.7   471.9   535.3   580.8   634.5   720.9   927.2  1476.2  5127.6 16482.6  27021.0    27070
read      438.7   396.7    74.4   129.2   151.3   364.5   459.8   521.4   571.4   636.5   733.2  1053.2  1830.9  3855.7 12400.7  41075.6    41133
read      433.7   639.4    80.4   128.2   149.5   360.0   460.2   525.0   571.3   625.4   711.9   937.4  1470.6  7912.0 30711.8  28054.8    28009
read      454.3   568.6    74.4   132.5   156.3   367.6   463.5   521.3   567.2   628.5   719.0   911.3  2514.5  5109.2 18788.1  64269.6    64235
read      408.0   375.5    80.4   135.5   157.5   372.9   465.3   512.6   543.9   583.5   646.7   797.3  1134.4  4783.8 12673.6  16506.4    16387
read      455.9   571.7    74.4   132.5   157.2   367.1   463.4   520.9   568.6   630.8   724.6   933.6  2383.0  5601.2 15392.2  62199.8    62388
read      438.3   433.7    74.4   130.7   153.0   361.8   459.5   522.5   572.4   633.6   729.8  1009.9  1817.8  4701.4  9486.2  40165.8    40199
read      420.7   454.3    74.4   135.6   158.9   383.5   478.8   528.7   562.6   603.2   671.9   833.0  1217.1  3840.5 20391.0  16966.4    16884
read      457.8   562.8    74.4   133.0   156.3   371.4   467.5   525.8   572.6   633.3   727.9   943.5  2276.5  5235.6 19608.4  55844.8    55763
read      440.9   495.6    74.4   131.8   154.1   369.3   461.6   520.5   569.6   630.6   721.2   931.1  1862.1  4631.4 20060.8  42011.4    41925
read      453.2   604.9    74.4   128.9   150.3   366.4   457.8   518.9   571.4   636.3   739.3  1104.2  1953.3  6445.4 30731.4  42325.0    42341
read      482.0   449.7    74.4   161.2   203.0   424.2   509.9   566.7   613.7   677.3   773.0   928.4  1544.6  5676.8 13804.8  93675.6    93577
read      372.2   352.2    86.8   155.0   181.1   353.9   403.8   431.3   452.4   477.4   516.8   595.7   902.8  4172.9 13525.4   7640.2     7657
read      421.2   539.2    80.4   143.9   170.3   386.6   469.5   510.4   541.3   578.1   628.3   760.3  1183.1  6869.1 30797.2  14337.0    14232
read      405.4   283.5    74.4   132.2   156.5   371.7   463.6   518.7   559.4   605.7   669.5   784.8  1253.6  2023.6  7803.9  30224.6    30107
read      405.9   368.7    74.4   132.2   156.4   357.5   447.8   501.8   543.9   596.8   673.6   793.8  1354.2  3427.3 12223.4  71294.2    71078
read      386.9   257.0    74.4   137.4   162.9   350.7   435.3   485.7   525.6   576.0   641.4   755.2  1005.7  2525.1  7884.4  85295.0    85372
read      391.6   359.2    74.4   131.3   155.2   357.7   451.9   503.0   541.8   588.2   646.3   742.7   964.4  3033.4 12270.7  54788.4    54930
read      341.0   311.3    86.8   172.8   201.4   328.5   365.9   385.2   398.3   415.8   437.5   477.3   606.3  5037.4 12327.5   5689.4     5750
read      383.8   274.1    68.9   134.7   158.7   348.2   435.4   486.6   525.8   574.5   639.9   751.3   989.0  2156.7  8789.9  80037.0    80137
read      391.8   269.5    68.9   130.1   153.3   361.6   456.2   508.4   548.0   595.2   653.6   751.9  1022.3  1870.1  9096.7  41285.4    41449
read      374.5   269.3    74.4   140.9   165.3   368.9   449.6   487.6   513.5   542.2   578.8   632.2   795.2  1790.2 10166.2  17370.6    17301
read      389.0   317.4    74.4   138.3   162.6   373.8   462.1   504.0   534.3   568.5   609.5   673.8   882.4  3248.5 12031.5  19848.6    19930
read      398.3   268.7    68.9   132.0   156.4   369.2   463.6   517.6   558.7   608.7   669.0   764.0  1015.9  1782.8  8589.0  41709.8    41776
read      365.8   325.0    74.4   161.3   189.3   359.5   407.7   432.0   450.3   470.2   499.0   546.7   719.2  4034.8 14979.2   8615.2     8596
read      403.8   278.9    74.4   136.9   162.8   383.9   469.0   518.0   552.7   595.8   648.1   742.6   976.0  1892.5 12364.1  30920.4    30870
read      388.9   256.7    74.4   131.9   156.0   353.0   445.1   498.3   538.9   589.1   657.8   767.6  1010.4  2373.2  7756.6  69958.8    69978
read      383.3   366.8    74.4   132.4   155.8   360.0   454.7   501.1   533.4   569.7   614.5   684.1   872.2  2983.2 10315.6  23847.4    23908
read      379.2   284.4    80.4   158.5   186.0   380.3   431.7   458.1   476.1   499.5   530.2   581.4   739.3  3958.6 12651.1   9874.2     9848
read      388.5   291.4    74.4   131.4   155.3   348.6   439.4   492.3   532.1   581.6   648.4   766.2  1067.9  2656.6  8187.5  71554.8    71598
read      391.3   269.0    68.9   134.1   158.8   349.7   440.7   494.2   535.3   586.9   658.0   774.5  1093.5  2752.1  7945.2  77077.6    77156
read      409.2   356.6    80.4   145.5   168.7   383.4   456.6   493.1   519.6   551.5   602.2   728.0  1498.5  4231.6  9864.8  14133.6    14083
read      386.1   297.0    74.4   135.3   159.9   342.3   430.7   482.1   521.8   572.4   641.3   760.3  1084.6  2969.9  8218.7  87800.8    87786
read      379.1   241.9    68.9   128.7   151.8   349.5   441.5   492.2   529.9   575.3   632.5   723.3   968.6  1860.4  5745.0  57215.6    57205
read      388.3   269.7    68.9   129.3   152.9   358.0   451.9   503.0   541.1   586.5   644.0   738.0   983.7  2280.6  7569.9  53218.8    53142
read      384.0   264.5    74.4   133.0   157.4   348.5   436.6   488.7   528.8   578.8   643.7   747.5   980.9  2254.1  8795.4  77913.4    77998
read      397.8   238.1    74.4   144.4   174.5   363.8   447.6   498.1   537.1   585.5   651.8   766.6  1018.7  1487.8  7494.8  98890.4    98830
read      382.6   270.8    74.4   129.7   152.9   357.1   450.2   501.2   538.5   580.9   631.0   705.8   911.8  1774.7 12263.4  32458.8    32447
read      387.9   255.1    68.9   133.2   157.6   352.3   442.2   494.6   535.6   586.2   655.3   764.4   993.3  2234.2  7919.5  74371.6    74382
read      391.7   280.1    74.4   131.1   154.6   363.5   460.6   513.4   552.1   596.4   648.8   731.7   959.0  1835.3  9404.8  32252.4    32271
read      391.8   294.9    74.4   131.5   155.3   361.4   454.4   504.8   543.4   591.0   650.3   744.2   993.9  2091.0  9694.1  55471.8    55273
read      387.9   283.3    68.9   131.1   154.6   351.5   443.3   495.3   535.5   584.6   649.6   754.2  1008.9  2448.2  8784.3  68237.4    68152
read      390.3   288.1    74.4   135.0   159.1   367.7   464.5   513.7   547.6   587.2   634.4   708.2   924.1  1739.5 11199.4  25430.2    25419
read      393.9   256.2    74.4   132.0   156.2   367.6   459.7   511.3   550.7   598.5   655.4   741.9   999.4  1845.6  7428.6  43157.4    43187
read      387.2   270.3    74.4   130.4   154.0   356.3   449.1   500.1   539.3   586.3   645.9   738.7   974.5  2111.9  8624.8  60608.2    60608
read      387.3   258.7    74.4   131.5   155.5   355.5   448.2   499.6   538.1   585.0   646.7   740.4   992.8  2223.3  8137.4  62088.0    62150
read      399.1   268.2    74.4   134.6   159.0   371.8   469.2   524.5   562.7   606.1   658.2   738.6  1007.1  2610.1  8733.6  30870.6    30864
read      393.3   266.2    74.4   133.6   158.1   355.5   449.4   502.4   542.4   592.6   660.7   768.9  1042.8  2607.5  8201.5  69703.2    69566
read      389.2   260.3    74.4   128.7   152.2   362.6   455.9   507.9   547.1   591.8   644.6   728.3   978.7  2130.7  8391.6  38247.2    38183
read      389.6   259.9    74.4   130.7   154.1   360.7   454.7   506.5   545.3   591.6   651.1   737.0   980.7  1874.8  8222.6  51231.0    51253
read      389.2   266.2    68.9   129.7   153.5   358.5   453.1   505.9   544.7   590.7   649.0   738.3   982.8  2099.4  9304.1  53003.8    53027
read      392.5   280.9    74.4   130.4   153.3   364.8   459.5   511.0   549.9   594.3   646.8   728.5   999.6  3390.9  7909.0  37162.2    37133
read      385.7   255.9    74.4   133.7   157.9   350.8   441.0   492.4   531.2   580.3   645.3   748.0   984.6  2398.1  7458.6  73616.2    73413
read      385.7   249.3    74.4   133.6   158.3   350.4   439.3   490.8   530.0   579.4   645.4   751.7   998.9  2220.9  7439.5  78693.6    78811
read      385.3   252.9    68.9   137.4   163.2   350.8   436.7   486.7   525.2   573.6   638.1   744.8   984.8  2116.2  7954.2  88272.6    88317
read      394.4   244.1    68.9   132.2   156.2   366.2   462.4   515.3   554.4   600.2   658.6   744.7   997.7  2020.7  6204.3  46537.2    46504
read      389.0   312.1    74.4   129.5   152.9   358.9   453.2   505.1   542.8   588.8   644.4   729.3   980.5  2200.8 11521.7  45949.8    46147
read      377.1   241.6    74.4   128.2   150.3   353.4   446.8   497.5   534.2   576.1   626.1   698.2   920.9  1660.0  9282.5  35000.8    35073
read      388.0   363.7    74.4   138.4   162.0   373.2   464.5   506.8   534.2   565.8   606.1   670.3   885.1  4677.4 13514.7  18840.8    18693
read      391.6   259.9    74.4   130.5   154.0   362.8   457.6   509.7   548.5   593.7   650.6   738.3  1005.5  1958.0  8424.0  46751.0    46834
read      382.1   270.4    74.4   132.2   156.5   346.7   435.6   487.4   527.2   576.5   640.8   742.9   991.6  2126.4  8933.1  76375.4    76427
read      399.2   253.1    74.4   142.1   171.0   363.1   452.3   503.8   542.8   589.6   653.3   765.8  1063.2  1635.7  9070.9  96031.0    96007

Total QPS = 51276.4 (92297576 / 1800.0s)

Total connections = 64
Misses = 0 (0.0%)
Skipped TXs = 0 (0.0%)

RX 22797501519 bytes :   12.1 MB/s
TX          0 bytes :    0.0 MB/s
Warning! Detected max cpu usage > 95%
CPU Usage Stats (avg/min/max): 99.98%,36.92%,100.00%
