Starting measuring cpu utilization percentages
Each number represents the percentage of cpu used per cpu.
[0.0, 0.0, 0.0, 0.0]
[69.4, 7.2, 5.3, 4.4]
[54.6, 6.1, 2.1, 7.3]
[0.0, 2.9, 2.0, 0.0]
[40.3, 3.2, 3.1, 6.1]
[69.4, 6.6, 2.2, 2.2]
[69.2, 13.5, 6.2, 3.3]
[68.1, 11.5, 0.0, 4.3]
[70.9, 12.5, 6.3, 3.3]
[47.1, 8.2, 1.1, 2.1]
[2.1, 1.0, 0.0, 0.0]
[52.8, 5.3, 7.4, 5.3]
[70.6, 11.5, 8.8, 11.6]
[69.5, 9.6, 4.5, 6.5]
[70.2, 10.3, 5.6, 7.4]
[68.5, 6.5, 4.4, 1.1]
[30.2, 7.0, 4.1, 3.0]
[2.0, 0.0, 0.0, 0.0]
[65.2, 9.7, 5.4, 4.4]
[72.1, 6.6, 3.3, 7.4]
[70.7, 10.5, 4.3, 5.4]
[68.3, 12.9, 2.2, 2.2]
[68.3, 5.4, 5.3, 6.3]
[14.2, 2.9, 0.0, 1.0]
[7.3, 1.0, 1.0, 1.0]
[71.9, 4.2, 2.2, 3.3]
[70.7, 8.2, 7.7, 8.6]
[71.1, 7.2, 5.5, 6.4]
[72.8, 12.0, 4.5, 12.2]
[70.1, 8.2, 4.4, 4.3]
[4.1, 0.0, 3.0, 2.0]
[24.3, 4.0, 0.0, 3.1]
[71.0, 10.6, 7.4, 5.5]
[74.6, 10.6, 5.3, 10.6]
[73.5, 17.5, 6.3, 4.3]
[69.4, 9.1, 3.2, 6.3]
[56.5, 9.2, 6.2, 3.2]
[0.0, 2.0, 1.0, 1.0]
[41.5, 5.2, 5.1, 7.2]
[73.0, 11.1, 3.2, 4.4]
[72.5, 13.7, 2.1, 7.4]
[68.3, 9.1, 2.1, 5.4]
[69.1, 13.7, 5.2, 7.5]
[44.7, 3.1, 3.1, 2.1]
[1.0, 2.0, 1.0, 0.0]
[52.8, 3.2, 4.2, 2.1]
[71.2, 13.3, 7.6, 7.5]
[70.2, 7.5, 4.3, 4.3]
[72.3, 11.6, 6.7, 9.6]
[72.6, 10.3, 4.3, 6.3]