Starting measuring cpu utilization percentages
Each number represents the percentage of cpu used per cpu.
[0.0, 0.0, 0.0, 0.0]
[100.0, 15.3, 3.2, 3.4]
[100.0, 12.5, 4.3, 4.4]
[65.7, 8.3, 4.1, 3.3]
[0.0, 2.0, 0.0, 1.0]
[54.0, 5.2, 4.2, 4.3]
[100.0, 12.5, 3.4, 5.8]
[100.0, 18.3, 2.2, 5.8]
[100.0, 13.5, 8.6, 13.2]
[100.0, 9.6, 4.4, 4.7]
[48.5, 6.2, 3.2, 5.3]
[1.1, 1.0, 2.0, 1.0]
[73.5, 4.4, 3.4, 5.5]
[100.0, 11.8, 2.3, 2.4]
[100.0, 8.9, 6.6, 5.7]
[100.0, 10.9, 0.0, 8.7]
[100.0, 11.7, 4.5, 6.7]
[27.6, 3.1, 2.0, 2.1]
[1.0, 2.0, 2.0, 1.0]
[93.0, 6.6, 5.6, 8.8]
[100.0, 18.1, 7.8, 4.6]
[100.0, 6.4, 3.4, 4.5]
[100.0, 9.5, 4.6, 7.8]
[100.0, 2.3, 4.5, 7.8]
[9.9, 1.0, 3.0, 2.0]
[11.5, 1.0, 0.0, 1.0]
[100.0, 7.7, 5.7, 7.8]
[100.0, 8.6, 1.2, 4.6]
[100.0, 9.6, 8.0, 5.6]
[100.0, 9.7, 4.7, 6.8]
[90.9, 8.5, 4.5, 5.6]
[0.0, 0.0, 1.0, 2.0]
[35.0, 3.0, 1.1, 2.1]
[100.0, 12.5, 4.4, 7.9]
[100.0, 7.1, 4.4, 4.5]
[100.0, 2.1, 4.4, 5.6]
[100.0, 13.3, 2.2, 4.5]
[69.0, 4.1, 2.2, 4.3]
[1.0, 1.0, 3.0, 1.0]
[52.5, 4.3, 1.1, 3.3]
[100.0, 9.1, 5.6, 11.1]
[100.0, 9.8, 2.2, 4.6]
[100.0, 6.8, 5.6, 8.0]
[100.0, 15.6, 3.3, 6.9]
[50.0, 6.3, 3.2, 6.3]
[1.0, 1.0, 1.0, 1.0]
[75.3, 4.2, 3.2, 3.3]
[100.0, 7.1, 1.1, 4.4]
[100.0, 10.2, 4.5, 10.8]
[100.0, 8.3, 4.4, 4.4]