Starting measuring cpu utilization percentages
Each number represents the percentage of cpu used per cpu.
[0.0, 0.0, 0.0, 0.0]
[73.0, 11.0, 3.3, 4.3]
[76.9, 10.4, 9.3, 10.3]
[67.9, 8.2, 2.2, 2.2]
[2.0, 2.0, 1.0, 2.0]
[27.0, 0.0, 1.0, 3.1]
[74.4, 9.8, 6.5, 10.8]
[73.0, 7.4, 5.3, 5.4]
[72.5, 7.5, 1.1, 9.7]
[71.7, 9.4, 5.2, 6.5]
[55.8, 5.3, 2.1, 5.3]
[1.0, 0.0, 1.0, 1.0]
[38.2, 5.1, 1.1, 2.2]
[73.0, 2.2, 3.4, 6.6]
[74.4, 14.9, 8.6, 10.6]
[73.2, 10.1, 1.1, 6.5]
[75.2, 7.7, 5.6, 9.8]
[50.0, 6.1, 4.1, 4.3]
[1.1, 1.0, 0.0, 0.0]
[50.0, 3.2, 0.0, 3.2]
[74.1, 10.6, 8.5, 7.6]
[73.9, 8.5, 4.4, 9.6]
[74.4, 10.4, 3.3, 6.5]
[72.7, 6.3, 3.2, 5.4]
[33.6, 4.1, 6.1, 4.1]
[0.0, 0.0, 0.0, 0.0]
[64.1, 10.8, 8.8, 8.3]
[75.0, 8.8, 2.3, 5.3]
[71.7, 11.6, 4.4, 2.2]
[72.7, 7.7, 3.4, 3.2]
[71.2, 6.6, 5.5, 4.2]
[18.7, 2.0, 1.0, 1.0]
[3.2, 2.0, 2.0, 0.0]
[74.3, 9.9, 2.2, 6.7]
[71.7, 5.8, 7.2, 4.6]
[71.7, 9.7, 3.2, 5.6]
[73.5, 14.7, 4.3, 7.8]
[72.9, 8.6, 3.1, 5.6]
[3.0, 0.0, 0.0, 0.0]
[22.6, 3.1, 3.1, 3.0]
[73.9, 9.2, 4.4, 5.3]
[73.5, 13.6, 4.4, 5.3]
[73.5, 7.3, 6.4, 5.3]
[71.7, 9.9, 2.2, 2.2]
[59.7, 9.0, 3.2, 5.3]
[1.0, 0.0, 0.0, 1.0]
[40.2, 8.2, 5.2, 8.2]
[75.2, 9.2, 4.3, 4.4]
[74.8, 10.1, 2.2, 1.1]
[72.1, 8.2, 4.3, 5.3]