Starting measuring cpu utilization percentages
Each number represents the percentage of cpu used per cpu.
[0.0, 0.0, 0.0, 0.0]
[100.0, 6.5, 7.9, 5.4]
[100.0, 13.1, 7.7, 3.3]
[19.2, 3.9, 3.0, 4.0]
[1.0, 1.0, 0.0, 0.0]
[98.0, 16.0, 3.5, 9.3]
[100.0, 8.7, 8.7, 7.1]
[100.0, 11.5, 6.6, 8.1]
[100.0, 10.5, 4.5, 11.2]
[100.0, 10.5, 4.5, 9.2]
[5.1, 4.0, 1.0, 0.0]
[21.4, 1.0, 3.1, 0.0]
[100.0, 9.5, 6.7, 4.4]
[100.0, 4.4, 0.0, 3.3]
[100.0, 8.4, 4.6, 5.4]
[100.0, 11.2, 3.5, 4.5]
[81.8, 9.2, 2.3, 8.2]
[2.1, 0.0, 0.0, 0.0]
[40.8, 3.2, 5.2, 4.3]
[100.0, 12.8, 3.3, 3.4]
[100.0, 17.2, 6.5, 8.7]
[100.0, 9.7, 2.2, 6.5]
[100.0, 11.7, 3.3, 5.6]
[62.4, 3.2, 2.1, 3.2]
[1.0, 1.0, 1.0, 1.0]
[64.0, 3.2, 4.2, 6.4]
[100.0, 9.6, 3.4, 6.8]
[100.0, 12.4, 3.3, 7.9]
[100.0, 8.7, 7.6, 5.8]
[100.0, 11.2, 3.3, 4.6]
[40.0, 5.2, 2.1, 5.1]
[0.0, 0.0, 1.0, 1.0]
[80.2, 9.6, 4.4, 1.1]
[100.0, 7.7, 2.3, 3.3]
[100.0, 6.7, 4.5, 7.4]
[100.0, 13.5, 5.6, 6.5]
[100.0, 10.8, 4.5, 6.4]
[23.7, 4.0, 2.0, 2.0]
[4.1, 1.0, 2.0, 1.0]
[100.0, 14.1, 6.5, 2.2]
[100.0, 10.1, 4.3, 3.2]
[100.0, 10.0, 5.4, 4.2]
[100.0, 12.1, 3.3, 3.2]
[99.0, 4.7, 5.4, 3.2]
[2.0, 2.0, 0.0, 1.0]
[23.0, 2.1, 0.0, 4.1]
[100.0, 7.6, 2.2, 4.7]
[100.0, 7.4, 3.2, 4.6]
[100.0, 10.5, 5.4, 7.0]
[100.0, 10.4, 4.3, 7.9]