Starting measuring cpu utilization percentages
Each number represents the percentage of cpu used per cpu.
[0.0, 0.0, 0.0, 0.0]
[82.0, 13.1, 4.4, 5.3]
[39.4, 4.1, 1.1, 1.1]
[2.0, 1.0, 0.0, 1.0]
[63.2, 8.2, 2.2, 6.5]
[78.6, 5.3, 4.3, 4.4]
[81.8, 13.9, 5.5, 8.6]
[80.8, 9.2, 2.2, 3.3]
[79.8, 9.2, 5.4, 3.3]
[26.9, 3.0, 0.0, 4.0]
[1.0, 1.0, 1.0, 0.0]
[75.6, 12.9, 3.2, 10.0]
[82.6, 14.1, 3.3, 10.1]
[78.1, 10.1, 2.2, 5.7]
[78.0, 9.0, 3.2, 12.0]
[78.5, 9.9, 1.1, 8.8]
[10.1, 5.0, 5.1, 4.0]
[14.4, 0.0, 2.0, 0.0]
[80.2, 11.5, 5.2, 7.7]
[77.0, 5.4, 2.2, 5.6]
[77.9, 11.1, 2.1, 6.6]
[79.2, 10.1, 2.1, 4.5]
[71.5, 13.9, 3.2, 4.5]
[1.0, 2.0, 2.0, 0.0]
[31.4, 2.1, 2.1, 4.0]
[80.6, 5.5, 2.2, 3.2]
[83.3, 12.6, 8.7, 7.4]
[85.5, 9.6, 1.1, 5.3]
[80.8, 9.4, 2.2, 4.3]
[58.6, 4.3, 6.3, 4.2]
[0.0, 2.0, 3.0, 1.0]
[48.6, 5.1, 1.1, 5.3]
[79.4, 11.3, 4.4, 5.6]
[78.9, 11.1, 4.3, 6.7]
[78.1, 5.3, 3.3, 6.6]
[78.0, 6.4, 4.3, 1.1]
[43.2, 11.5, 2.1, 4.3]
[0.0, 0.0, 0.0, 0.0]
[65.2, 6.3, 4.3, 5.4]
[79.8, 9.2, 4.4, 5.6]
[81.1, 9.3, 6.5, 5.6]
[80.8, 6.2, 3.3, 4.5]
[82.8, 12.9, 3.4, 5.6]
[22.9, 2.0, 2.1, 1.0]
[2.0, 2.0, 0.0, 1.0]
[77.9, 3.3, 4.3, 4.6]
[81.3, 13.9, 4.3, 11.0]
[81.1, 9.1, 3.2, 6.7]
[78.7, 8.1, 1.1, 3.4]
[78.7, 7.1, 2.2, 3.4]