Starting measuring cpu utilization percentages
Each number represents the percentage of cpu used per cpu.
[0.0, 0.0, 0.0, 0.0]
[74.8, 71.0, 8.7, 10.2]
[72.9, 69.1, 7.5, 7.1]
[25.5, 25.5, 2.1, 2.1]
[2.0, 2.0, 1.0, 3.0]
[63.6, 64.7, 5.3, 5.7]
[72.6, 72.6, 6.5, 5.7]
[68.8, 73.6, 7.4, 8.8]
[69.8, 71.7, 3.3, 8.0]
[71.4, 73.2, 10.1, 9.8]
[14.9, 13.5, 5.0, 5.1]
[8.3, 7.9, 2.0, 0.0]
[72.1, 74.0, 5.6, 10.9]
[69.4, 73.1, 8.5, 6.7]
[70.7, 74.2, 8.6, 6.7]
[71.1, 73.3, 7.4, 6.7]
[66.9, 68.6, 6.5, 6.7]
[1.0, 0.0, 1.0, 1.0]
[25.7, 27.4, 4.1, 2.1]
[70.8, 74.0, 7.3, 3.5]
[71.1, 73.3, 5.4, 7.9]
[75.4, 74.0, 5.4, 9.0]
[71.9, 74.4, 11.1, 6.8]
[52.2, 55.6, 7.1, 5.4]
[1.0, 0.0, 2.0, 1.0]
[41.7, 38.5, 6.4, 4.3]
[73.4, 72.2, 11.0, 8.9]
[70.5, 71.8, 13.0, 7.8]
[70.5, 73.0, 10.1, 8.9]
[71.1, 70.9, 7.9, 4.5]
[42.5, 41.6, 6.3, 5.3]
[3.1, 2.0, 2.0, 0.0]
[55.7, 55.2, 8.4, 5.6]
[70.6, 71.8, 6.5, 8.9]
[70.9, 71.7, 6.6, 4.8]
[71.9, 71.2, 10.5, 4.7]
[73.0, 70.8, 18.3, 17.5]
[25.9, 27.3, 0.0, 1.1]
[2.0, 3.0, 3.0, 0.0]
[70.0, 67.5, 8.9, 2.2]
[76.2, 72.4, 9.9, 5.4]
[76.0, 71.7, 11.0, 7.4]
[75.2, 71.1, 10.0, 7.6]
[75.2, 70.9, 7.7, 6.3]
[8.8, 8.7, 1.0, 1.0]
[12.1, 10.9, 3.0, 3.1]
[71.0, 73.0, 9.3, 12.2]
[70.9, 72.3, 11.8, 10.0]
[71.1, 72.4, 9.3, 12.1]
[72.2, 72.4, 13.7, 5.9]