Starting measuring cpu utilization percentages
Each number represents the percentage of cpu used per cpu.
[0.0, 0.0, 0.0, 0.0]
[74.8, 74.8, 8.2, 5.8]
[74.0, 75.4, 9.3, 10.1]
[9.6, 7.9, 3.0, 2.0]
[8.1, 9.7, 1.0, 4.0]
[76.3, 73.1, 14.8, 14.4]
[73.0, 72.8, 11.6, 10.0]
[72.4, 73.2, 11.6, 6.9]
[73.4, 71.5, 9.4, 6.7]
[70.1, 68.0, 11.2, 6.8]
[2.1, 0.0, 0.0, 1.0]
[25.5, 22.1, 3.1, 2.2]
[75.4, 69.7, 6.7, 10.5]
[75.8, 69.9, 8.8, 10.3]
[79.3, 70.1, 8.8, 8.3]
[78.5, 69.8, 14.0, 10.7]
[59.8, 54.2, 3.3, 5.7]
[2.0, 0.0, 1.0, 1.0]
[38.9, 42.7, 3.2, 2.1]
[73.5, 78.5, 10.9, 5.6]
[72.7, 78.5, 5.6, 4.4]
[72.5, 76.9, 8.9, 7.7]
[72.1, 76.7, 9.8, 5.5]
[42.0, 44.6, 2.2, 1.1]
[0.0, 0.0, 1.0, 1.0]
[58.9, 54.0, 9.7, 6.6]
[73.6, 74.6, 4.7, 7.7]
[74.6, 73.1, 9.0, 7.8]
[75.0, 73.8, 11.0, 6.7]
[77.5, 75.2, 11.1, 8.9]
[27.8, 27.6, 2.1, 3.1]
[1.0, 1.0, 1.0, 2.0]
[66.9, 68.0, 6.6, 8.9]
[74.6, 74.6, 7.6, 5.7]
[75.6, 74.8, 8.6, 9.9]
[76.7, 76.2, 15.8, 12.2]
[73.9, 76.7, 5.6, 3.5]
[15.2, 10.8, 4.0, 3.0]
[8.1, 8.0, 0.0, 3.0]
[76.5, 76.8, 12.0, 4.4]
[76.0, 74.2, 8.8, 3.3]
[74.2, 73.8, 10.8, 7.3]
[74.4, 74.2, 7.9, 6.4]
[72.3, 68.9, 11.0, 5.4]
[2.1, 1.0, 0.0, 2.0]
[29.7, 27.4, 5.3, 1.1]
[76.6, 73.8, 10.3, 6.6]
[75.0, 72.4, 8.0, 2.3]
[74.4, 73.4, 8.0, 5.5]
[80.0, 74.6, 11.4, 8.6]