Starting measuring cpu utilization percentages
Each number represents the percentage of cpu used per cpu.
[0.0, 0.0, 0.0, 0.0]
[65.7, 60.6, 4.4, 4.3]
[47.5, 43.1, 6.3, 3.2]
[2.1, 1.0, 0.0, 3.0]
[42.6, 41.7, 1.1, 6.5]
[65.0, 62.8, 5.5, 7.9]
[64.4, 61.7, 9.5, 11.8]
[65.7, 62.4, 5.6, 9.9]
[63.2, 64.0, 5.4, 5.7]
[34.5, 35.0, 5.2, 7.2]
[1.0, 1.0, 0.0, 2.0]
[54.8, 51.2, 5.4, 3.2]
[66.4, 62.6, 10.5, 7.4]
[66.7, 62.4, 3.4, 7.4]
[68.2, 62.3, 9.6, 5.3]
[65.5, 61.5, 3.3, 4.3]
[21.8, 21.1, 5.9, 5.1]
[3.0, 2.0, 1.0, 0.0]
[63.2, 63.2, 10.0, 7.8]
[65.4, 60.9, 9.8, 7.8]
[65.5, 62.0, 6.7, 4.5]
[63.7, 63.1, 5.6, 5.4]
[64.7, 63.5, 10.6, 4.4]
[8.1, 8.7, 2.0, 3.0]
[14.6, 11.7, 1.0, 0.0]
[66.9, 63.1, 5.4, 4.4]
[65.4, 63.6, 4.3, 7.4]
[64.4, 61.2, 6.3, 2.2]
[68.0, 62.8, 10.3, 11.3]
[59.7, 54.3, 11.1, 11.2]
[1.0, 0.0, 0.0, 1.0]
[28.4, 28.2, 2.1, 4.1]
[67.4, 63.8, 5.4, 10.0]
[67.7, 63.0, 10.2, 7.5]
[65.4, 62.4, 7.4, 6.6]
[66.0, 63.8, 4.2, 2.2]
[45.5, 44.4, 5.1, 5.3]
[1.0, 1.0, 1.0, 2.0]
[39.5, 39.5, 4.2, 2.2]
[63.9, 66.2, 11.3, 10.0]
[63.2, 65.2, 8.3, 4.5]
[63.5, 64.2, 6.3, 6.7]
[63.0, 64.9, 9.4, 7.9]
[37.3, 35.7, 3.1, 1.1]
[2.1, 1.0, 1.0, 1.0]
[54.0, 52.4, 6.7, 5.4]
[65.2, 62.9, 11.1, 7.6]
[61.9, 63.6, 8.7, 5.4]
[63.6, 63.2, 10.6, 5.4]
[64.2, 63.4, 11.7, 7.5]