Starting measuring cpu utilization percentages
Each number represents the percentage of cpu used per cpu.
[0.0, 0.0, 0.0, 0.0]
[93.2, 93.3, 12.6, 6.0]
[94.4, 94.3, 7.2, 8.1]
[96.1, 95.1, 11.6, 10.1]
[91.3, 87.7, 18.5, 11.4]
[0.0, 0.0, 1.0, 1.0]
[25.0, 26.0, 2.1, 0.0]
[93.4, 96.0, 11.0, 17.8]
[94.3, 97.1, 16.1, 15.5]
[96.1, 96.1, 4.8, 14.0]
[93.3, 96.0, 8.0, 12.9]
[71.2, 73.3, 4.5, 9.0]
[1.0, 0.0, 2.0, 2.0]
[47.5, 45.6, 7.5, 3.2]
[100.0, 96.2, 15.9, 16.3]
[96.1, 95.2, 10.0, 4.7]
[97.1, 93.3, 12.3, 6.9]
[94.2, 93.3, 15.3, 10.0]
[55.4, 55.3, 12.0, 11.6]
[2.1, 0.0, 1.0, 1.0]
[66.7, 65.0, 10.0, 7.9]
[94.3, 95.2, 9.5, 11.5]
[93.3, 96.0, 11.9, 8.4]
[95.2, 97.0, 10.7, 8.3]
[94.2, 97.1, 15.1, 16.9]
[33.0, 34.0, 5.2, 4.2]
[1.0, 1.0, 1.0, 0.0]
[82.7, 84.3, 9.4, 3.4]
[96.1, 98.0, 14.3, 13.2]
[96.1, 97.1, 14.8, 6.7]
[94.3, 95.1, 11.0, 9.8]
[93.4, 96.1, 9.6, 4.6]
[13.1, 14.0, 4.0, 3.1]
[10.0, 9.1, 1.0, 1.0]
[95.2, 98.0, 10.0, 19.5]
[91.0, 94.2, 9.6, 8.8]
[93.3, 97.1, 3.4, 11.0]
[92.7, 98.0, 11.8, 10.1]
[89.1, 89.1, 15.6, 20.0]
[0.0, 1.0, 1.0, 0.0]
[32.0, 31.0, 9.4, 3.2]
[96.2, 91.6, 10.0, 9.0]
[98.1, 92.5, 18.6, 14.4]
[98.0, 92.5, 11.3, 5.8]
[96.1, 91.6, 10.1, 9.1]
[66.7, 64.2, 8.0, 3.3]
[1.0, 0.0, 1.0, 1.0]
[52.9, 51.5, 2.2, 4.5]
[95.3, 95.0, 17.8, 14.5]
[99.0, 94.2, 10.3, 13.8]