Starting measuring cpu utilization percentages
Each number represents the percentage of cpu used per cpu.
[0.0, 0.0, 0.0, 0.0]
[85.6, 81.7, 8.1, 4.5]
[86.0, 81.3, 8.3, 6.7]
[82.7, 78.2, 9.3, 7.8]
[2.0, 0.0, 2.0, 4.0]
[24.7, 24.0, 4.1, 5.2]
[88.3, 82.5, 5.9, 5.9]
[88.1, 82.6, 10.1, 13.3]
[88.1, 82.3, 9.1, 3.6]
[91.5, 85.7, 10.9, 8.0]
[67.3, 64.3, 6.5, 8.6]
[0.0, 1.0, 0.0, 0.0]
[42.7, 41.7, 5.2, 7.4]
[79.5, 86.5, 12.1, 14.6]
[82.6, 85.5, 10.9, 9.5]
[86.5, 85.7, 9.0, 8.2]
[84.3, 86.4, 6.8, 10.6]
[45.8, 48.1, 7.3, 7.4]
[2.0, 1.0, 0.0, 0.0]
[61.0, 59.8, 6.5, 3.3]
[85.1, 82.9, 9.7, 10.9]
[85.8, 83.5, 4.6, 5.7]
[84.1, 84.3, 6.8, 10.1]
[85.0, 84.5, 13.8, 6.9]
[31.7, 29.8, 1.0, 3.1]
[1.1, 2.0, 1.0, 0.0]
[80.0, 76.1, 9.2, 7.8]
[87.4, 83.3, 8.0, 7.6]
[87.6, 82.1, 8.0, 4.5]
[87.4, 82.2, 10.0, 4.5]
[89.9, 82.5, 9.2, 5.6]
[9.9, 10.7, 3.0, 1.0]
[12.0, 13.9, 2.0, 0.0]
[82.6, 85.0, 9.3, 13.8]
[86.0, 84.8, 19.1, 19.3]
[86.6, 85.5, 9.2, 7.3]
[85.0, 85.3, 13.5, 16.1]
[73.5, 74.3, 13.8, 11.4]
[2.0, 2.0, 0.0, 0.0]
[33.7, 34.6, 2.1, 5.1]
[87.9, 83.3, 9.1, 8.0]
[86.8, 82.3, 5.7, 6.7]
[85.7, 83.0, 6.8, 6.7]
[85.8, 82.5, 4.7, 4.6]
[58.1, 56.5, 10.4, 7.5]
[2.2, 0.0, 2.0, 1.0]
[54.2, 51.9, 2.2, 6.5]
[82.8, 83.3, 9.7, 9.2]
[83.2, 82.9, 11.6, 8.1]
[83.2, 82.1, 8.7, 9.1]