Starting measuring cpu utilization percentages
Each number represents the percentage of cpu used per cpu.
[0.0, 0.0, 0.0, 0.0]
[50.7, 48.5, 5.2, 6.2]
[8.6, 5.9, 3.0, 1.0]
[2.0, 2.0, 1.0, 1.0]
[44.2, 52.9, 18.6, 11.3]
[45.2, 54.8, 10.1, 8.1]
[45.0, 52.8, 7.4, 7.3]
[42.5, 50.4, 9.2, 5.2]
[45.0, 51.4, 7.4, 6.3]
[3.0, 1.0, 2.0, 2.0]
[20.0, 13.3, 2.0, 1.0]
[54.2, 45.0, 9.3, 9.0]
[53.5, 42.7, 11.1, 8.2]
[54.5, 43.2, 6.4, 4.3]
[53.6, 44.1, 7.4, 7.2]
[46.5, 37.4, 7.1, 8.0]
[1.0, 1.0, 1.0, 0.0]
[23.2, 25.4, 4.1, 4.1]
[48.1, 52.1, 8.2, 7.4]
[52.1, 48.1, 7.4, 5.3]
[50.0, 51.1, 9.4, 9.4]
[47.7, 50.7, 4.3, 2.2]
[25.0, 28.7, 6.1, 4.1]
[0.0, 0.0, 1.0, 0.0]
[32.8, 40.0, 10.0, 7.1]
[47.6, 52.5, 11.1, 6.3]
[44.6, 54.1, 6.3, 8.2]
[44.5, 52.8, 7.3, 4.3]
[44.1, 53.8, 10.1, 5.3]
[20.2, 21.4, 4.0, 3.1]
[1.1, 2.0, 0.0, 1.0]
[43.8, 45.1, 4.3, 5.2]
[50.4, 45.3, 6.6, 6.2]
[47.3, 49.3, 11.2, 3.2]
[51.4, 46.1, 12.4, 5.2]
[52.9, 48.1, 13.3, 5.3]
[6.8, 8.7, 3.0, 1.0]
[11.3, 5.9, 0.0, 0.0]
[55.8, 47.3, 10.2, 8.3]
[56.3, 47.7, 11.1, 10.2]
[54.2, 45.3, 10.2, 5.4]
[53.8, 47.8, 6.3, 4.2]
[49.3, 40.8, 5.3, 8.2]
[0.0, 0.0, 0.0, 1.0]
[20.9, 20.7, 2.0, 4.1]
[52.2, 53.5, 8.0, 8.5]
[48.9, 53.1, 7.1, 6.5]
[47.0, 49.3, 8.9, 6.5]
[46.9, 51.4, 7.0, 7.4]
[37.7, 39.8, 4.1, 6.3]