ubuntu@client-measure-7lrh:~/memcache-perf-dynamic$ ./mcperf -s 10.156.15.212 -a 10.156.15.209 --noload -T 16 -C 4 -D 4 -Q 1000 -c 4 -t 1800 --qps_interval 10 --qps_min 5000 --qps_max 100000
Random waveform, random seed
Total number of intervals = 180 (75640, 86937, 29545, 37483, 55858, 27852, 80492, 19952, 32463, 59135, 91129, 96482, 90033, 13991, 65918, 98453, 56879, 84722, 44262, 89414, 52412, 55888, 57192, 33149, 89855, 61857, 46697, 63485, 57182, 50885, 53302, 17783, 44321, 21727, 27659, 59600, 34031, 91681, 63213, 45779, 14596, 73477, 23010, 26450, 79659, 82427, 51091, 99853, 34550, 66554, 38803, 9719, 86930, 10039, 62171, 7514, 91423, 91519, 91452, 13443, 66882, 52978, 72842, 89611, 37057, 20311, 65484, 12604, 33640, 72460, 34828, 81471, 39502, 79759, 51664, 39898, 87200, 82390, 90063, 34673, 41610, 71073, 88097, 65208, 37546, 65832, 72202, 56566, 56675, 85261, 92358, 43607, 5771, 49834, 62369, 7423, 75579, 11081, 87049, 18586, 57932, 15636, 65643, 33608, 6626, 69086, 47630, 60863, 65448, 83604, 75032, 27730, 21589, 81508, 84153, 77296, 86228, 85269, 25209, 22513, 24869, 98591, 93458, 96738, 24676, 95669, 13032, 10544, 91115, 42584, 7684, 86550, 81368, 25493, 51394, 62525, 71953, 59279, 47716, 82443, 35323, 43947, 11220, 39626, 77743, 80866, 31833, 15773, 98283, 56341, 63328, 82144, 46174, 11171, 76344, 33636, 96191, 52141, 75831, 56062, 35195, 73447, 82102, 93359, 52409, 8651, 95605, 70570, 85781, 90112, 96374, 87762, 31012, 79324, 49533, 28520, 89722, 95029, 87874, 19919)
Average QPS expected = 56970
Timestamp start: 1621679067341
Timestamp end: 1621680867752

#type       avg     std     min      p5     p10     p50     p67     p75     p80     p85     p90     p95     p99    p999   p9999      QPS   target
read      436.9   874.7    74.4   129.8   153.3   336.7   423.0   475.8   518.0   572.6   647.7   788.8  2582.8 12554.2 32165.9  75567.1    75640
read      390.0   415.5    68.9   129.8   154.0   331.1   415.8   467.0   507.0   558.2   628.4   744.0  1682.2  3890.1 11541.6  86885.0    86937
read      520.6   607.9    74.4   123.7   145.0   347.0   506.3   650.7   840.9  1015.0  1156.6  1321.1  1834.1  6752.8 23605.6  29509.3    29545
read      528.3   659.8    74.4   122.5   143.0   337.9   466.1   592.3   787.4  1090.8  1278.2  1485.4  1972.9  6330.2 28592.9  37505.9    37483
read      505.7   701.4    68.9   125.1   148.1   336.7   436.6   509.2   576.2   686.2  1099.8  1749.8  2449.5  6638.4 27434.3  55832.3    55858
read      516.1   601.5    74.4   122.0   142.6   341.0   497.7   655.9   860.1  1031.2  1152.1  1294.1  1716.1  6182.1 18538.5  27873.9    27852
read      414.0   475.8    68.9   128.5   152.8   337.5   424.1   477.5   520.4   575.8   653.2   799.7  2306.1  4652.5 13347.9  80382.0    80492
read      537.3   971.3    74.4   127.3   150.8   376.6   549.8   692.3   784.6   880.2   970.5  1105.6  2233.7 12494.6 36684.2  19901.1    19952
read      582.8  1041.4    74.4   127.2   149.2   354.5   515.1   683.1   908.7  1078.1  1225.2  1424.2  2385.5 15290.3 32167.2  32375.0    32463
read      479.1   591.4    68.9   127.9   150.9   337.5   433.2   499.7   558.8   649.7   867.9  1634.6  2347.9  5367.8 18400.7  59103.4    59135
read      392.4   456.3    68.9   131.8   156.7   332.8   416.0   467.0   507.0   557.6   627.5   741.7  1613.1  4308.6 17537.1  91213.3    91129
read      386.5   343.1    68.9   134.0   160.4   333.9   415.6   466.6   506.3   556.2   624.7   735.3  1300.8  3853.4  8811.0  96470.8    96482
read      392.0   461.8    68.9   129.6   154.5   331.0   413.4   466.0   505.9   555.8   625.6   739.0  1711.8  4195.3 13842.0  89969.1    90033
read      586.8  1539.1    74.4   127.1   152.0   396.0   529.2   604.7   657.2   716.1   791.1   939.4  4822.5 30175.4 37510.5  13939.5    13991
read      462.8   617.4    68.9   128.2   151.5   341.3   434.2   496.1   548.2   620.4   738.5  1499.3  2315.0  5424.7 24909.7  65901.4    65918
read      387.0   357.2    68.9   135.5   162.1   335.8   415.9   466.5   506.0   556.1   625.3   737.4  1218.0  3588.4 10195.7  98585.4    98453
read      490.4   570.1    74.4   127.9   150.4   335.3   438.5   515.2   585.2   699.4  1046.9  1647.2  2343.7  4199.5 17581.5  56903.6    56879
read      393.4   446.5    63.8   127.6   151.9   331.1   414.3   466.4   506.7   559.1   630.6   747.2  1882.8  4308.0 13482.8  84964.4    84722
read      528.8   676.0    68.9   120.8   142.0   333.0   443.1   544.2   661.8  1028.0  1355.5  1643.7  2212.9  6458.5 24793.7  44359.7    44262
read      394.5   346.2    68.9   133.4   158.2   337.5   424.1   476.6   518.8   573.5   651.0   788.8  1625.3  2931.8 11060.8  89562.0    89414
read      501.4   587.6    74.4   124.9   146.7   328.3   427.6   502.7   575.3   710.0  1287.1  1772.0  2346.9  4168.1 14746.3  52426.7    52412
read      488.6   609.8    74.4   123.3   145.6   328.7   425.8   493.0   551.5   642.9   978.3  1782.6  2477.6  4795.4 15155.0  55925.3    55888
read      479.4   549.2    74.4   127.0   149.9   338.4   437.8   506.9   568.4   659.6   889.1  1638.7  2372.4  3797.6 14824.0  57239.7    57192
read      525.5   646.0    74.4   122.6   143.7   343.8   494.5   639.9   846.8  1051.0  1203.6  1382.3  1829.2  6494.6 29462.8  33169.6    33149
read      387.9   319.2    68.9   131.1   155.9   335.4   419.1   470.9   513.1   568.0   641.3   769.8  1551.9  2900.4 10183.5  89915.2    89855
read      593.2  1423.8    68.9   130.1   155.2   360.7   465.4   540.8   612.2   727.8  1025.0  1716.7  4053.0 23169.9 51800.7  61856.4    61857
read      529.9   991.7    68.9   121.5   143.6   343.0   439.8   517.0   596.1   754.5  1316.5  1734.2  2287.6  7837.7 34060.9  46550.4    46697
read      471.3   568.9    68.9   128.9   153.0   341.1   437.0   502.7   559.2   636.9   800.0  1512.1  2458.5  4749.6 15910.1  63586.0    63485
read      506.4   688.3    68.9   128.4   152.3   350.0   452.5   522.7   587.8   688.7  1005.3  1653.3  2494.5  6575.0 30189.6  57236.3    57182
read      542.1   898.2    74.4   120.7   142.3   333.3   433.4   512.2   590.8   764.6  1429.3  1844.3  2481.7 11005.4 31110.8  50827.5    50885
read      539.7   947.0    74.4   121.6   144.3   335.1   434.5   509.5   581.3   709.5  1356.8  1864.4  2559.1 11705.5 31884.9  53290.7    53302
read      554.9  1185.9    74.4   123.2   146.9   372.5   540.4   671.0   750.8   829.8   921.7  1071.0  3336.1 15601.6 36557.5  17850.5    17783
read      536.0   851.4    74.4   120.0   140.9   330.4   433.2   522.1   613.8   930.7  1420.0  1720.8  2210.5 10932.3 31323.5  44402.9    44321
read      566.3  1132.4    74.4   121.1   144.0   357.4   535.9   705.7   819.0   919.1  1024.3  1175.3  3002.8 14803.9 35734.1  21755.1    21727
read      567.1   995.4    74.4   122.4   144.4   352.3   527.1   705.3   880.1  1023.3  1151.2  1320.4  2594.1 13470.6 32360.9  27626.8    27659
read      516.9   751.4    68.9   128.5   153.1   356.7   456.2   526.4   590.7   687.8   980.2  1678.9  2636.0  7343.9 30566.2  59512.1    59600
read      562.9   946.4    74.4   122.3   143.3   345.2   494.0   642.0   864.1  1073.5  1237.9  1442.6  2373.3 12897.8 32362.8  34088.0    34031
read      398.8   377.1    68.9   133.4   159.5   342.2   428.1   480.1   521.9   576.2   653.7   791.6  1609.0  3195.1 12680.8  91792.3    91681
read      471.1   631.6    68.9   128.7   152.6   353.1   448.1   507.3   557.6   627.3   739.4  1374.2  2518.0  7181.4 26645.2  63199.8    63213
read      523.8   742.3    74.4   119.0   139.8   328.3   428.7   511.2   591.5   799.6  1446.3  1785.4  2300.5  6333.9 29583.1  45715.3    45779
read      602.3  1539.0    74.4   129.4   153.9   390.3   552.4   652.7   713.5   777.8   858.3  1023.8  4430.7 30654.1 36932.5  14501.6    14596
read      473.2   680.0    68.9   134.4   161.2   364.1   455.1   514.1   563.7   629.6   726.9  1055.0  2704.4  7087.3 31073.7  73576.2    73477
read      549.7  1029.6    74.4   122.0   144.9   357.4   525.4   696.5   828.1   937.3  1049.8  1202.5  2453.8 15609.9 32109.6  23036.6    23010
read      533.7   776.0    74.4   121.4   142.5   349.8   508.7   667.5   852.8  1002.0  1133.9  1298.2  1889.0 11099.7 31139.0  26523.8    26450
read      452.7   645.6    74.4   134.6   162.1   360.9   449.5   505.2   550.0   609.8   692.4   870.2  2610.4  6847.4 30881.4  79733.9    79659
read      432.1   596.2    74.4   133.6   160.6   355.2   439.9   492.9   535.1   589.4   668.6   807.1  2389.8  6308.7 30559.3  82325.9    82427
read      525.6   733.4    74.4   123.9   146.3   340.8   446.4   528.5   606.4   763.6  1317.0  1782.3  2418.7  6628.8 30099.1  51128.8    51091
read      400.2   340.3    68.9   138.6   166.4   348.5   433.4   484.2   523.8   575.7   652.7   792.8  1461.8  2977.9 10741.8  99948.5    99853
read      513.8   627.6    74.4   118.6   139.3   336.4   455.6   572.5   726.4  1046.0  1254.4  1449.9  1865.5  6172.9 21879.3  34624.8    34550
read      441.7   598.7    68.9   127.2   150.6   344.6   435.9   491.6   536.7   596.3   683.0   941.0  2482.6  5771.6 27977.3  66541.1    66554
read      638.6  1235.8    68.9   122.7   144.6   353.6   480.5   612.7   832.9  1205.0  1457.0  1816.2  4079.3 16606.7 36049.5  38827.8    38803
read      624.3  2001.0    74.4   126.4   153.7   355.8   466.2   530.7   575.7   625.3   689.2   858.5  7632.1 31594.3 37785.2   9719.8     9719
read      396.9   394.7    68.9   132.3   157.8   340.4   427.4   480.1   521.9   574.8   648.8   784.0  1577.3  3517.7 12860.7  86979.7    86930
read      591.9  1755.1    80.4   127.1   153.3   359.4   470.1   539.1   586.8   635.6   702.2   867.0  6224.0 31257.3 38600.1  10031.4    10039
read      491.0   715.6    68.9   128.6   153.5   352.0   447.1   508.8   566.0   643.3   796.9  1566.2  2622.0  6673.1 31190.0  62058.7    62171
read      657.0  2422.3    74.4   133.2   171.4   337.0   422.3   471.4   506.5   550.1   620.8   828.7  8011.3 36479.9 55322.5   7506.6     7514
read      392.8   395.3    68.9   131.4   157.1   339.5   424.1   476.0   517.2   569.7   642.4   774.9  1450.9  3173.9 15473.9  91342.3    91423
read      430.9   598.2    74.4   137.8   168.0   363.5   444.4   494.8   536.0   590.5   670.0   802.4  1846.2  7079.6 30057.5  91722.5    91519
read      424.2   569.6    68.9   137.8   166.8   361.5   444.7   495.0   535.5   588.6   666.3   796.4  1596.6  6129.5 29460.0  91397.0    91452
read      570.8  1514.1    74.4   124.6   147.9   375.2   509.4   605.9   663.5   721.4   794.9   935.4  4269.0 30269.0 35502.1  13394.7    13443
read      501.7   713.6    74.4   128.0   154.2   364.1   455.4   517.1   575.0   654.3   796.0  1602.5  2701.1  7278.3 30571.0  66699.0    66882
read      527.5   759.9    68.9   121.8   144.7   337.3   438.5   518.4   595.0   756.9  1353.2  1803.9  2448.5  7500.2 30695.7  52984.2    52978
read      443.7   666.4    74.4   127.9   152.2   349.1   436.4   490.4   534.3   592.5   676.6   858.3  2615.6  6784.5 30842.7  72952.6    72842
read      435.5   600.8    68.9   137.8   167.5   365.5   448.4   499.5   540.9   596.1   677.7   815.9  1938.9  6639.9 29286.7  89684.1    89611
read      548.3   768.6    74.4   124.0   145.4   348.3   481.6   609.4   781.4  1083.4  1314.2  1540.9  2070.4  8622.4 31259.3  37001.5    37057
read      520.4   750.6    74.4   124.0   147.4   373.1   546.4   704.2   793.1   873.4   963.1  1099.2  2155.9  9350.0 31515.4  20212.4    20311
read      466.9   646.7    74.4   127.8   151.5   350.5   443.9   501.5   549.3   618.4   721.3  1249.1  2667.6  6580.4 26584.1  65406.4    65484
read      555.1  1369.2    74.4   124.9   149.1   373.9   509.0   594.2   650.6   706.9   778.0   913.6  4453.0 28380.5 36697.8  12610.8    12604
read      545.4   768.1    74.4   121.1   142.0   345.7   486.1   627.0   842.0  1074.6  1255.7  1462.7  2056.2  8836.8 31139.3  33568.4    33640
read      454.3   684.4    68.9   127.7   152.4   351.7   440.8   496.7   542.7   605.2   693.7   937.5  2675.6  7011.9 30995.3  72383.5    72460
read      537.8   738.6    74.4   121.3   143.0   346.2   480.9   611.1   803.6  1077.8  1276.3  1477.5  1973.6  7401.2 30655.0  34827.2    34828
read      454.7   656.0    68.9   133.7   162.0   365.9   453.3   507.7   553.7   616.7   707.5   889.9  2475.7  7197.8 31058.9  81358.5    81471
read      551.2   898.0    74.4   123.1   144.4   341.2   456.7   561.5   688.5  1079.8  1366.3  1614.7  2212.3 11542.2 31807.1  39600.3    39502
read      460.0   662.2    68.9   135.0   163.0   365.0   452.8   507.5   554.2   619.6   714.2   923.8  2512.6  6770.4 31144.8  79813.0    79759
read      544.7   863.1    74.4   123.1   146.2   342.7   445.3   524.9   601.7   754.3  1413.5  1842.5  2541.4  9771.3 31473.9  51518.1    51664
read      533.1   798.3    74.4   118.9   139.4   332.4   440.7   539.5   653.4  1052.1  1378.3  1637.8  2150.9  9195.2 31300.2  39814.9    39898
read      434.8   556.4    68.9   134.6   162.8   360.5   447.2   500.4   543.8   602.9   690.2   857.7  1901.8  6394.2 28718.6  87267.7    87200
read      442.4   659.3    74.4   133.6   161.5   362.4   447.8   499.3   541.9   599.8   683.8   831.3  2345.0  7557.4 30734.4  82460.1    82390
read      401.2   484.5    68.9   132.3   159.0   344.9   431.6   482.5   523.1   574.9   646.9   775.2  1169.0  5550.3 19127.7  90307.6    90063
read      555.1   888.3    74.4   120.2   141.8   346.7   477.9   608.6   814.1  1086.5  1288.3  1491.4  2140.4 11844.7 32261.9  34662.3    34673
read      569.2   924.0    74.4   121.9   143.6   342.9   461.8   572.8   716.1  1122.9  1423.7  1700.0  2434.8 12525.5 31903.7  41604.3    41610
read      455.6   686.0    68.9   128.7   153.5   355.0   444.0   498.6   543.8   606.6   696.4   932.6  2579.2  7280.6 31124.0  71144.2    71073
read      469.2   629.6    74.4   142.1   175.5   385.9   471.6   526.5   572.8   636.3   732.9   911.3  2377.6  6858.6 30348.5  88149.3    88097
read      494.5   691.2    74.4   129.9   155.5   360.8   456.2   519.2   574.0   649.9   787.3  1524.6  2738.6  7065.6 30407.7  65168.0    65208
read      581.8   885.7    68.9   122.6   144.3   349.4   494.0   641.2   888.3  1143.6  1346.0  1590.0  2828.2 11262.5 31831.4  37419.2    37546
read      472.3   625.9    74.4   128.9   153.8   356.1   448.7   507.5   558.6   628.4   735.4  1365.7  2618.6  6012.0 29046.8  65971.1    65832
read      436.9   624.9    74.4   128.8   153.0   348.8   437.7   491.4   533.5   589.6   672.3   832.7  2614.6  6348.4 30285.9  72098.2    72202
read      506.6   732.6    74.4   125.9   149.0   347.3   447.7   516.2   580.6   679.6   962.4  1683.0  2578.0  7132.0 31121.6  56438.9    56566
read      523.6   754.6    74.4   129.2   153.7   357.5   461.9   536.0   603.5   714.1  1049.6  1696.8  2593.4  7736.9 30403.8  56606.5    56675
read      431.8   611.5    74.4   134.3   162.3   361.6   447.1   498.6   539.8   593.4   673.5   804.5  2074.4  6963.3 30752.8  85233.8    85261
read      380.0   383.2    68.9   130.6   155.9   333.7   417.3   467.7   507.2   556.8   625.6   738.5  1019.0  3970.0 13087.2  92511.7    92358
read      521.1   698.3    74.4   119.1   139.9   332.2   435.9   526.6   620.3   921.6  1390.1  1689.4  2167.2  6364.7 28859.0  43689.2    43607
read      612.8  2185.4    80.4   138.2   186.8   317.5   384.0   422.1   450.5   486.3   541.3   751.7  7885.5 31894.0 37740.7   5765.5     5771
read      561.2   866.0    74.4   123.8   146.4   339.5   446.7   541.0   638.9   941.2  1477.1  1835.5  2603.5 10129.4 31235.1  49850.4    49834
read      529.4   814.5    68.9   129.5   155.9   368.4   466.4   537.5   600.5   691.4   913.4  1674.7  2813.4  8579.4 31720.4  62364.1    62369
read      670.2  2267.9    74.4   134.6   174.3   344.0   432.0   483.5   520.5   567.3   644.1  1341.0  8096.1 32308.4 48074.5   7402.1     7423
read      473.4   695.7    68.9   131.3   158.1   364.4   453.0   508.3   556.8   625.2   729.5  1042.6  2723.1  7258.0 30866.5  75477.3    75579
read      600.1  1583.8    74.4   127.8   154.6   375.7   502.9   576.9   627.9   691.8   785.1  1168.6  4728.9 30321.6 36986.2  11085.4    11081
read      445.1   568.5    68.9   136.7   165.7   366.7   455.1   507.8   551.7   614.7   708.9   902.2  2019.6  5848.9 28495.2  86987.3    87049
read      569.5  1137.9    68.9   121.8   146.0   374.2   544.7   694.8   779.7   859.6   955.8  1137.9  3393.3 13823.9 32813.6  18666.4    18586
read      492.5   580.9    68.9   128.4   152.4   345.4   446.3   517.3   579.2   673.0   942.5  1656.9  2445.8  4736.8 15159.9  57976.0    57932
read      586.1  1415.4    74.4   125.1   149.3   384.5   543.0   657.6   728.5   795.6   877.1  1038.8  4476.1 29373.9 36914.9  15630.3    15636
read      515.1   631.3    68.9   132.2   159.1   358.4   459.8   534.2   597.6   696.2   992.5  1680.8  2678.4  5259.4 19833.3  65745.4    65643
read      553.2   815.5    74.4   121.1   142.3   346.4   487.5   627.2   853.8  1072.4  1252.8  1464.0  2311.2  9702.7 31353.4  33673.8    33608
read      607.0  1959.7    80.4   144.3   190.2   352.0   428.5   472.3   505.6   547.9   616.4   905.8  7126.5 31795.2 38964.4   6628.7     6626
read      450.3   573.1    68.9   130.2   154.8   345.5   441.0   500.3   548.4   614.1   720.6  1068.0  2425.9  5961.6 19539.1  68890.4    69086
read      539.0   676.1    68.9   125.1   147.2   341.0   451.3   538.6   629.4   875.5  1432.3  1824.3  2444.5  5835.0 21972.8  47595.0    47630
read      532.9   727.1    68.9   130.1   156.8   362.0   464.5   542.3   613.8   727.1  1136.9  1733.1  2668.7  7065.0 30812.2  60925.9    60863
read      526.2   835.5    74.4   130.1   156.8   370.0   463.3   532.3   593.1   681.2   869.1  1671.3  2784.2  8750.8 31891.5  65412.8    65448
read      457.3   690.3    74.4   134.6   163.8   369.0   455.8   508.5   553.1   615.3   705.4   871.8  2493.5  7751.8 31077.1  83659.8    83604
read      449.8   684.1    68.9   129.2   154.7   356.1   446.4   500.7   544.8   604.6   690.1   869.0  2575.9  7281.4 31241.4  74923.2    75032
read      560.0   858.7    74.4   124.1   146.2   361.6   531.0   711.0   885.7  1026.8  1164.6  1353.3  2273.8 10348.5 31765.9  27683.1    27730
read      583.0  1115.8    74.4   126.2   149.7   376.0   563.6   742.5   843.4   936.8  1044.0  1219.6  3286.0 13966.7 34126.4  21537.0    21589
read      478.3   718.6    68.9   134.6   164.0   372.3   459.0   514.6   564.0   631.8   738.5   999.9  2640.8  7995.4 31158.1  81303.4    81508
read      457.1   723.4    74.4   134.8   164.0   366.1   450.3   502.9   547.2   609.9   700.9   865.2  2619.0  7815.1 31341.5  83931.0    84153
read      445.1   734.0    74.4   128.4   154.1   351.9   437.4   490.9   533.4   590.1   674.9   833.4  2663.9  7880.5 31563.7  77247.4    77296
read      451.3   692.3    68.9   135.9   166.0   367.9   453.9   505.6   548.9   610.3   696.4   857.6  2259.9  8342.3 31262.0  86344.1    86228
read      438.6   603.6    74.4   133.3   161.2   358.8   443.7   496.1   538.4   594.3   678.5   827.4  2380.4  6667.6 29966.4  85132.3    85269
read      587.0  1095.1    74.4   124.3   147.3   367.7   539.8   722.0   874.3   994.5  1121.2  1311.3  3030.5 15216.0 32463.3  25173.7    25209
read      584.6  1055.3    74.4   125.7   149.0   376.9   565.9   752.8   857.4   954.5  1065.4  1260.7  3004.2 11896.1 32418.6  22506.2    22513
read      574.1  1002.7    74.4   124.7   147.3   368.0   544.5   734.3   872.1   987.6  1106.3  1285.0  2859.1 12957.0 32144.9  24857.0    24869
read      404.5   321.9    68.9   137.0   165.2   349.9   433.0   484.6   527.1   583.6   667.5   817.8  1587.0  2994.3  8232.6  98420.7    98591
read      365.9   273.5    68.9   129.6   153.7   324.9   407.2   458.9   498.5   547.1   612.7   717.3   988.6  2615.8  9677.2  93471.2    93458
read      356.8   282.2    68.9   128.0   152.2   319.1   399.2   449.3   487.9   535.2   596.2   695.5   918.3  1964.4 10729.1  96819.2    96738
read      562.3   945.6    74.4   123.6   146.6   364.5   538.2   713.3   859.7   978.7  1097.1  1279.3  2644.6 10830.6 32291.2  24739.5    24676
read      404.7   369.0    68.9   135.4   162.5   349.1   434.5   487.4   529.1   583.3   663.0   806.7  1608.8  3199.6 11985.3  95849.0    95669
read      709.7  2047.0    74.4   128.6   153.3   387.5   534.7   624.7   686.6   758.1   850.9  1218.2  8319.6 31791.8 39451.8  13013.6    13032
read      703.6  2127.0    74.4   129.2   156.2   378.9   505.8   577.5   625.8   684.9   778.2  1252.4  8276.0 31904.6 41775.9  10526.8    10544
read      400.8   434.8    68.9   132.4   158.9   344.0   430.5   482.0   521.9   574.5   650.8   793.6  1594.5  3524.0 21140.9  90819.9    91115
read      611.5   999.1    74.4   126.9   149.7   356.8   497.2   646.4   894.9  1220.5  1462.0  1738.5  3074.2 11495.0 32295.8  42577.7    42584
read      737.2  2496.9    80.4   133.1   171.3   352.9   450.5   505.4   544.9   596.8   688.5  1550.0  8741.5 33886.3 52037.7   7690.6     7684
read      458.9   687.5    74.4   136.4   167.2   373.0   456.3   507.8   551.9   612.9   702.5   868.9  2364.8  8083.9 31038.4  86458.2    86550
read      443.8   646.0    68.9   131.3   158.4   358.5   442.5   495.7   538.6   595.8   680.9   836.6  2578.7  7645.5 30560.7  81572.4    81368
read      588.8  1167.5    74.4   124.0   147.0   364.1   531.0   704.2   863.6   992.3  1122.2  1315.9  3222.3 13510.6 36573.1  25582.7    25493
read      534.8   746.0    68.9   122.4   145.0   338.3   439.9   518.2   593.0   746.0  1385.8  1883.5  2561.3  6946.4 28240.2  51404.3    51394
read     2832.5 95424.0    68.9   138.8   174.0   398.0   521.1   616.3   692.4   834.1  1409.4  1847.3  2969.2 26415.8 4685284.8  62590.7    62525
read     3634.7 117692.9    86.8   287.5   315.3   466.4   575.7   650.6   704.5   774.7   873.7  1050.9  2001.2 30085.3 4756318.9  71924.8    71953
read     1466.7 53662.5   109.4   343.9   370.2   509.9   649.4   738.9   798.6   867.1   963.7  1123.6  1609.7 29509.5 3670625.0  59387.5    59279
read     3294.9 106610.5    74.4   155.9   210.7   406.6   484.0   552.5   618.3   690.9   774.4   905.1  1686.9 29311.6 4721031.0  47701.6    47716
read     2259.6 89932.6    86.8   304.4   338.8   451.7   522.9   617.8   707.2   777.3   842.7   927.7  1172.1 29381.6 4702753.3  82453.2    82443
read     4050.3 114928.1    74.4   166.5   228.9   424.1   507.4   588.5   663.2   758.9   874.2  1302.9  2627.3 33678.4 4083224.6  35324.9    35323
read     3972.1 114839.6    74.4   229.3   296.2   493.1   640.3   732.1   804.8   926.5  1151.6  1645.6  3469.6 37172.0 4455804.0  43867.8    43947
read    22840.6 319700.6    80.4   175.5   247.7   448.4   607.7   756.6   832.7   975.1  1546.4  2354.0 31571.0 4699150.2 4824969.7  11232.6    11220
read     5027.8 136384.0    68.9   172.0   231.6   420.2   560.0   679.0   754.6   887.7  1520.5  1934.4  3191.0 2583236.2 4764661.5  39585.4    39626
read     3266.6 113133.9    80.4   319.1   345.9   511.2   665.7   754.6   835.4   955.8  1183.4  1780.6  3161.3 31851.3 4670694.9  77921.6    77743
read     4894.5 149065.9   101.3   335.7   359.9   496.1   630.9   733.8   807.0   907.0  1068.3  1601.5  3049.0 34942.4 4752142.0  80888.5    80866
read     1564.1 62549.5   109.4   310.5   336.3   461.2   619.3   723.5   776.5   840.5   955.5  1551.3  2784.4 30097.0 4522015.3  31831.3    31833
read    17179.6 271323.7   118.1   315.0   336.8   460.2   683.6   786.9   885.7  1203.3  1786.1  2157.6 28681.5 4640083.1 4819062.9  15756.6    15773
read     3121.3 89295.6    93.8   321.4   345.0   468.4   609.3   730.1   797.1   873.3  1015.1  1763.6  2722.8 32204.6 3541526.7  98168.2    98283
read     3731.5 120071.7    93.8   333.2   360.2   467.9   548.3   671.1   758.0   824.5   891.2  1001.9  1999.9 36986.3 4760075.0  56332.6    56341
read     3156.4 92943.2    86.8   340.7   367.9   474.8   565.6   694.0   770.0   830.0   890.5   984.9  1426.1 34087.2 4361686.2  63369.8    63328
read     1641.0 60890.8    74.4   299.5   328.1   456.1   546.8   638.6   704.3   770.6   841.7   936.9  1216.5 29195.0 3794330.5  82090.9    82144
read      472.9   405.9    74.4   205.6   259.9   409.9   483.2   557.2   626.3   696.5   769.2   864.9  1064.2  3597.9 17572.8  45995.8    46174
read      490.9   694.3    68.9   155.6   195.5   405.6   508.4   612.7   674.1   733.8   801.8   903.4  1129.8  9770.4 30995.4  11153.2    11171
read      405.2   296.9    68.9   143.1   176.0   366.1   439.9   496.2   545.4   608.5   681.8   782.9   969.5  2155.5 11517.7  76458.9    76344
read     5378.6 112243.6    68.9   136.8   170.8   371.2   485.1   572.7   633.3   709.8   855.5  1170.0  1812.6 2416343.4 3273673.8  33531.3    33636
read     2991.4 87973.3    86.8   269.8   295.1   430.5   540.9   611.4   656.6   708.5   779.9   894.3  1238.7 29969.9 3502089.3  96095.7    96191
read     3548.0 86596.4    93.8   306.0   339.9   492.9   614.0   719.2   794.8   871.5   990.9  1513.4  2182.6 1885587.0 3106884.9  52143.9    52141
read     1790.7 53760.3    86.8   269.3   296.9   471.1   596.6   683.0   769.5   898.0  1143.0  1712.5  2469.2 27983.7 2579106.3  75916.6    75831
read     3813.4 107124.4    86.8   281.9   316.3   494.0   601.1   688.1   778.4   885.8  1051.2  1676.0  2804.3 36234.0 4610733.6  56028.8    56062
read     6587.6 163683.7    86.8   269.2   300.0   447.6   549.8   648.9   721.9   790.1   867.8  1051.1  2598.7 2413239.8 4784134.6  35173.0    35195
read     1917.2 72640.6    86.8   295.0   324.3   431.3   502.4   589.9   671.6   738.9   802.1   895.2  1232.7 29763.9 4398849.7  73484.9    73447
read      531.1   310.0    80.4   309.3   341.2   451.1   535.2   650.3   723.7   783.2   842.7   923.1  1095.0  1820.0 12410.6  82089.2    82102
read      408.9   289.1    74.4   156.3   194.7   372.0   437.6   488.6   534.8   596.0   675.6   779.1   953.7  1707.3 10920.8  93320.2    93359
read     2872.0 72732.9    74.4   137.4   166.6   358.2   460.0   526.7   575.8   631.5   711.3   923.9  2131.8 1420329.5 3171744.9  52322.9    52409
read    23805.1 241584.8    74.4   144.6   176.9   374.3   498.5   580.2   644.0   739.0   910.7  1354.7 32246.4 2962178.0 3040640.9   8684.2     8651
read     2308.4 60074.2    93.8   280.1   308.1   508.8   685.1   875.4  1094.5  1531.7  1745.7  2006.5  3103.0 29918.0 2680502.5  95384.8    95605
read     4748.4 98108.1    93.8   264.7   289.8   473.1   622.2   701.1   787.4   968.4  1583.6  1939.3  3268.5 2256506.0 3277149.5  70457.2    70570
read     4078.0 101808.6    80.4   261.9   285.5   418.6   555.4   625.9   672.7   734.2   852.5  1535.1  2328.3 2228686.1 4029675.0  85771.6    85781
read     3750.8 87893.7    80.4   281.3   305.8   462.0   578.9   645.7   692.3   764.5   889.9  1118.7  2121.1 1982392.2 3177672.5  90102.2    90112
read     2525.5 68668.5    93.8   329.1   355.2   460.8   553.5   659.9   736.5   800.5   866.2   982.1  1778.7 35473.5 3170610.7  96497.7    96374
read     2452.0 70527.2   101.3   328.4   353.3   450.4   523.5   634.7   720.6   783.1   843.1   925.7  1175.0 33642.3 3376135.7  87759.4    87762
read     7342.6 157539.3    86.8   335.6   361.2   462.9   544.3   669.6   752.2   812.6   871.9   970.7  2106.6 3081446.2 4752183.1  30984.5    31012
read     3326.1 98936.2    86.8   329.3   354.3   454.8   532.0   652.3   732.6   791.9   851.2   932.0  1151.9 30622.0 4591926.9  79253.3    79324
read     3166.0 72363.8   101.3   328.4   352.7   450.8   526.1   644.1   723.2   782.9   843.0   928.1  1187.9 1729434.8 2524421.1  49643.5    49533
read     6837.9 127588.3    93.8   327.6   352.2   452.7   537.3   669.7   742.1   799.6   862.7   973.3  2768.5 2692967.6 3211651.6  27447.6    28520
read     1776.7 54904.3    74.4   317.8   342.3   441.1   526.8   648.2   716.2   772.1   831.6   922.7  1197.5 31427.5 3067435.7  49998.6    89722
read      618.1   924.5    80.4   311.5   337.6   455.4   629.8   712.6   761.6   814.4   881.7   978.7  1914.9 15260.3 26918.5   4740.8    95029
read     1131.8  1773.9   297.4   573.3   614.0   825.8   906.2   947.5   985.7  1027.5  1094.4  1606.8 10563.0 22151.4 33827.5    998.2    87874
read     1187.7  2061.9   202.4   592.8   631.7   820.2   899.3   939.4   979.0  1023.2  1098.2  1861.1 12661.2 22850.9 32512.7   1019.2    19919

Total QPS = 55650.4 (100170656 / 1800.0s)

Total connections = 64
Misses = 0 (0.0%)
Skipped TXs = 0 (0.0%)

RX 24742151785 bytes :   13.1 MB/s
TX          0 bytes :    0.0 MB/s
Warning! Detected max cpu usage > 95%
CPU Usage Stats (avg/min/max): 99.95%,47.98%,100.00%