Random waveform, random seed
Total number of intervals = 180 (17132, 37117, 89673, 34628, 59881, 89367, 22327, 33471, 82956, 15408, 41732, 31220, 63771, 10778, 29842, 88717, 21748, 89081, 60267, 26521, 42280, 29071, 45475, 48503, 16563, 73978, 88861, 77042, 93066, 69220, 12424, 55378, 30640, 97618, 85039, 58800, 67346, 60995, 97726, 7845, 42561, 91528, 46177, 59819, 5509, 9412, 54468, 42148, 81687, 59401, 12459, 73945, 90348, 71881, 87978, 46716, 94089, 59916, 12082, 86492, 65681, 99086, 64636, 10192, 65211, 82082, 51623, 95724, 78000, 27413, 10905, 80808, 9293, 52904, 72168, 63075, 7599, 90999, 87111, 15322, 16893, 10981, 25702, 49554, 6659, 61244, 98721, 97313, 87954, 37366, 81696, 28767, 69342, 71892, 73359, 26875, 90424, 30119, 88066, 9317, 77015, 99441, 48740, 13400, 7025, 37518, 76387, 99742, 58788, 58774, 17790, 70039, 9367, 60618, 41680, 99296, 79366, 92192, 94423, 71821, 30028, 75054, 26490, 82176, 9424, 69280, 72538, 18156, 57111, 87759, 76812, 18077, 55442, 63564, 51273, 14929, 66544, 62529, 36669, 57722, 91786, 17835, 66840, 99324, 65992, 14469, 21502, 42741, 79655, 16114, 32315, 37087, 61910, 81178, 50675, 40681, 34699, 5294, 6505, 42402, 77254, 30299, 61651, 15730, 37265, 9483, 19380, 96754, 6185, 69083, 82171, 23825, 35656, 35016, 21239, 92037, 62051, 89009, 81765, 43388)
Average QPS expected = 53152
Timestamp start: 1620941837463
Timestamp end: 1620943637857

#type       avg     std     min      p5     p10     p50     p67     p75     p80     p85     p90     p95     p99    p999   p9999      QPS   target
read      512.0   665.6    74.4   134.2   159.1   408.7   555.0   676.8   753.7   830.9   941.2  1080.0  1481.5  9114.6 31021.8  17095.8    17132
read      534.2   543.4    74.4   128.4   148.5   350.6   477.4   595.1   788.6  1111.8  1340.0  1566.5  1999.5  3572.6 14019.6  37115.3    37117
read      426.4   399.4    74.4   133.4   159.9   362.6   452.6   505.6   549.2   611.3   703.4   886.7  1794.6  3683.3 12825.5  89529.7    89673
read      521.5   567.4    74.4   126.6   148.2   353.0   489.3   606.7   784.1  1033.7  1228.6  1443.6  1871.2  5211.2 16368.6  34697.5    34628
read      432.0   496.0    74.4   125.9   147.5   347.0   446.2   504.7   551.8   617.5   717.7  1025.8  1994.1  4273.1 19510.4  59961.3    59881
read      406.0   360.4    74.4   133.4   159.0   353.2   442.4   497.5   541.0   596.1   676.0   809.4  1296.0  3725.1 11425.8  89233.5    89367
read      787.0  1728.9    74.4   133.5   159.5   419.5   622.8   831.6   962.1  1101.1  1358.2  2656.2  5057.1 31437.0 38728.4  22302.1    22327
read      531.3   557.3    74.4   129.8   151.7   359.2   498.7   639.7   850.1  1063.2  1233.4  1442.4  1854.7  4828.5 15660.2  33543.2    33471
read      455.5   452.6    68.9   136.3   164.1   376.2   464.3   520.5   569.6   639.5   747.4   993.4  2026.0  3964.9 12876.3  82991.1    82956
read      505.3   600.5    80.4   138.7   163.9   420.9   553.6   662.3   738.4   811.9   899.9  1053.6  1423.1  7700.0 30565.2  15384.0    15408
read      548.4   576.7    68.9   130.9   152.4   356.0   480.9   591.7   748.4  1107.1  1395.1  1676.2  2206.8  4168.7 12772.9  41643.0    41732
read      548.7   573.3    80.4   128.9   150.0   367.6   519.0   687.6   909.9  1106.8  1266.2  1460.9  1875.6  4774.7 15544.1  31217.5    31220
read      475.9   630.9    74.4   129.7   153.7   376.7   468.3   528.6   578.9   648.3   760.3  1225.0  2145.2  6660.7 28616.9  63774.8    63771
read      573.2  1388.3    80.4   140.2   168.5   409.8   522.6   593.3   643.6   701.2   777.0   927.5  4676.9 28662.8 39217.4  10778.5    10778
read      635.5  1138.7    74.4   130.6   153.7   383.0   544.3   734.2   972.6  1169.4  1342.3  1574.2  3128.2 15783.1 35750.9  29886.6    29842
read      502.4   594.2    74.4   146.7   184.5   421.7   503.8   560.9   614.7   691.6   809.7  1039.7  2075.5  7153.8 28262.7  88589.0    88717
read      575.9   965.4    74.4   130.3   154.0   389.2   548.8   715.3   850.0   974.0  1109.6  1283.3  2564.4 11834.9 32213.9  21825.8    21748
read      482.0   523.9    68.9   145.1   180.2   413.7   504.5   560.4   608.7   675.6   779.1   993.7  1872.1  5485.9 18832.3  89066.8    89081
read      434.4   598.9    74.4   126.5   148.5   361.2   455.2   509.9   555.2   614.3   695.9   881.2  1667.2  6633.0 22960.2  60205.6    60267
read      593.0  1147.9    74.4   128.3   150.6   372.7   522.9   678.3   874.5  1054.1  1201.3  1393.2  2486.4 15391.3 36311.9  26560.6    26521
read      557.8   684.3    74.4   127.2   148.4   354.2   473.7   576.4   704.3  1116.5  1455.3  1744.7  2261.5  6107.9 22468.8  42247.0    42280
read      582.4   938.3    74.4   128.1   150.1   369.1   523.5   701.6   916.8  1103.3  1252.8  1451.7  2247.3 10790.9 32390.8  28991.2    29071
read      455.3   691.7    74.4   123.9   145.1   360.2   455.4   513.8   562.4   623.2   716.3  1140.0  2031.8  8161.4 30994.1  45594.3    45475
read      851.5  1611.2    74.4   130.0   158.4   436.2   605.8   779.4  1231.4  1747.9  2202.4  2738.0  4076.2 30729.3 37387.1  48529.6    48503
read      871.4  2344.7    74.4   141.1   171.2   463.2   642.8   791.1   904.7  1063.9  1293.3  2043.4  9045.9 32271.3 40847.0  16532.0    16563
read      689.5  1168.5    74.4   157.8   210.2   474.4   642.9   755.9   830.4   934.2  1158.6  1689.9  3869.3 14389.3 36611.5  74057.1    73978
read      458.5   537.2    74.4   140.3   172.2   396.3   489.9   547.8   596.3   658.6   743.2   901.2  1429.2  6843.5 18662.6  88896.3    88861
read      435.0   564.7    74.4   131.9   157.9   370.7   460.3   514.0   557.8   616.5   699.5   851.7  1486.0  6932.4 30118.4  76927.2    77042
read      454.1   478.4    74.4   144.1   178.0   398.9   488.6   543.7   589.0   648.0   734.4   893.5  1355.8  5733.7 14561.6  93060.0    93066
read      434.1   582.0    74.4   128.4   151.5   362.8   453.8   508.5   552.8   612.5   696.2   859.2  1638.8  6656.4 28058.7  69139.7    69220
read      535.4  1052.2    80.4   137.9   164.8   410.6   536.6   620.1   678.9   743.2   822.8   965.3  2904.4 13550.5 36901.5  12472.9    12424
read      491.4   759.1    74.4   127.3   150.4   374.3   471.4   534.2   585.9   656.9   775.4  1306.9  2319.8  8743.4 30937.7  55291.8    55378
read      550.3   609.9    74.4   129.2   150.9   370.5   512.9   652.0   857.9  1091.2  1269.8  1476.9  1985.6  6182.7 15433.7  30552.7    30640
read      482.8   409.4    74.4   152.9   192.0   430.8   509.8   560.4   605.6   674.1   791.7   984.6  1750.8  3616.6 12824.4  97599.6    97618
read      436.0   484.7    74.4   135.8   164.6   377.9   466.9   521.9   565.6   623.3   706.9   854.9  1396.9  5877.2 15842.9  85127.1    85039
read      433.8   582.8    74.4   124.6   146.2   357.9   451.7   506.9   551.8   611.0   691.4   905.9  1744.0  6815.2 27388.1  58720.6    58800
read      439.0   609.4    74.4   128.1   151.6   363.1   454.9   509.4   554.7   614.2   696.3   868.6  1750.7  7794.1 29093.8  67444.5    67346
read      443.4   621.1    74.4   127.5   149.8   362.1   456.9   513.5   559.0   619.6   707.1   924.2  1806.9  7921.0 30490.6  60984.7    60995
read      435.2   397.6    74.4   144.9   178.1   388.1   477.5   531.7   574.8   630.2   711.0   853.0  1201.4  4570.1 12517.1  97501.2    97726
read      593.1  1729.1    80.4   146.9   186.3   384.9   476.2   525.1   561.9   606.8   675.4   843.6  5556.6 31408.2 39349.0   7810.4     7845
read      577.3   794.2    74.4   131.7   153.1   360.6   487.8   604.1   772.1  1145.6  1451.7  1744.6  2376.4  7655.8 30876.5  42409.5    42561
read      512.1   547.6    74.4   153.1   195.1   436.6   525.9   586.3   638.4   712.9   830.6  1061.0  1970.4  5629.2 20621.3  91540.8    91528
read      438.8   547.2    74.4   124.9   146.3   364.0   459.0   515.6   562.5   621.5   705.5   990.9  1657.9  6628.6 19166.4  46253.7    46177
read      447.1   673.2    74.4   126.7   148.9   365.2   460.4   517.6   563.9   624.1   709.9   919.7  1793.4  8307.2 30876.6  59929.3    59819
read      490.2  1403.3    86.8   168.1   214.0   354.0   420.8   454.0   477.6   508.5   554.8   665.1  3676.1 30656.2 36956.4   5486.9     5509
read      483.1   867.2    86.8   145.8   180.7   400.2   498.9   555.5   596.3   646.1   717.1   820.6  1656.4 11482.2 31760.1   9392.2     9412
read      499.1   612.2    68.9   129.2   153.1   368.9   472.8   539.2   594.4   679.0   861.6  1573.4  2440.0  5745.0 19671.8  54542.7    54468
read      441.3   514.2    74.4   124.3   146.0   367.0   462.4   521.0   567.8   627.0   716.0  1057.0  1697.6  5644.4 13843.7  42162.5    42148
read      432.4   607.7    74.4   131.7   157.8   366.6   452.2   503.4   545.4   603.6   690.7   846.6  1475.1  7811.1 30136.2  81544.0    81687
read      453.5   692.3    74.4   126.7   148.9   363.5   460.1   518.8   567.0   628.6   718.7   958.9  1972.5  8908.6 30708.6  59463.2    59401
read      668.4  1897.7    80.4   135.3   162.0   411.6   542.1   629.7   687.4   752.3   840.3  1054.6  7990.0 31436.7 37728.7  12471.7    12459
read      478.9   664.5    68.9   130.8   157.2   382.2   473.7   531.6   580.8   654.7   777.1  1095.5  2144.0  7984.6 30579.7  74042.4    73945
read      475.3   598.0    74.4   140.7   174.8   407.0   505.2   568.6   616.3   675.3   765.8   942.8  1451.4  7733.3 26536.4  90262.9    90348
read      444.6   717.2    74.4   128.2   151.5   361.5   452.5   508.6   554.6   617.8   709.5   887.4  1690.1  9249.0 31335.5  71979.5    71881
read      459.2   671.1    74.4   137.1   168.0   389.1   478.4   535.0   581.8   642.1   732.9   896.4  1453.3  8444.4 31044.0  87924.5    87978
read      450.1   713.4    74.4   124.7   145.8   362.5   457.6   515.3   563.6   623.2   709.2  1023.0  1859.7  8739.6 31261.2  46881.7    46716
read      430.7   459.2    74.4   140.7   172.0   378.5   464.7   517.8   561.0   617.1   695.8   840.1  1253.5  5455.0 16462.8  94041.0    94089
read      436.4   670.6    74.4   124.8   146.4   355.3   448.1   502.5   547.5   608.8   691.3   893.0  1691.1  7559.5 31213.3  60002.1    59916
read      654.7  1940.5    80.4   132.7   159.1   391.4   515.2   595.9   650.0   711.4   791.4   946.4  7624.9 31639.2 40182.3  12079.5    12082
read      499.2   642.0    74.4   141.8   177.5   411.3   495.5   548.4   598.3   675.7   800.5  1072.7  2062.1  7714.7 28845.0  86525.6    86492
read      438.5   614.6    74.4   125.4   148.0   359.8   451.1   506.3   551.7   613.9   702.1   902.8  1833.0  7126.9 29269.3  65687.1    65681
read      416.9   385.4    74.4   142.1   172.7   371.1   457.7   508.9   549.7   603.1   680.4   815.6  1152.1  4020.1 13554.2  98905.4    99086
read      438.8   613.9    74.4   126.7   149.2   360.5   452.5   507.1   552.0   614.0   701.3   900.2  1798.8  7356.3 30176.4  64624.7    64636
read      642.8  1963.8    80.4   134.5   161.9   382.9   486.0   552.5   597.2   650.1   722.6   880.9  7643.6 31557.1 36837.7  10164.6    10192
read      496.7   762.1    74.4   131.6   157.3   380.6   473.0   536.9   591.3   666.2   786.5  1266.6  2393.5  9637.7 31491.7  65143.0    65211
read      449.5   681.1    74.4   136.9   165.3   377.1   466.2   522.4   568.5   628.4   714.3   862.0  1480.0  9335.7 30951.9  82073.2    82082
read      438.3   608.2    74.4   126.0   147.9   358.5   450.9   507.3   553.5   611.4   690.6   920.7  1747.2  7786.7 30519.0  51627.7    51623
read      443.9   470.2    74.4   145.6   178.6   389.9   477.2   533.0   578.8   636.2   717.7   867.0  1320.9  5408.9 16872.6  95743.9    95724
read      437.3   577.5    74.4   133.9   160.5   370.6   460.1   513.7   557.9   616.0   697.9   848.0  1525.4  7403.4 29210.4  78083.2    78000
read      538.2   757.0    74.4   126.9   149.1   365.3   502.4   630.4   830.8  1035.3  1189.8  1380.2  1820.1  7781.3 31813.5  27390.0    27413
read      665.3  2083.5    80.4   135.4   162.1   395.2   514.3   586.4   633.4   687.8   760.7   907.8  7919.1 32180.4 49154.6  10926.4    10905
read      513.7   742.2    74.4   143.4   176.8   412.8   501.0   560.7   617.8   699.2   822.5  1125.0  2145.0  9432.6 31433.5  80745.2    80808
read      673.0  2203.5    80.4   141.1   170.1   389.0   488.3   550.7   593.1   642.7   715.7   878.7  8490.8 35097.5 45556.7   9305.5     9293
read      488.2   676.9    74.4   129.1   152.7   371.7   468.7   534.1   588.2   661.7   789.9  1363.6  2385.7  7429.3 31001.2  52816.1    52904
read      441.4   675.4    74.4   132.2   157.1   367.0   456.9   509.6   552.9   611.5   695.8   852.6  1610.5  8870.8 30793.8  71967.5    72168
read      444.6   651.3    74.4   129.6   153.3   363.6   456.5   512.4   558.3   619.1   704.5   891.8  1818.3  8082.3 30826.3  62990.5    63075
read      655.0  2233.7    80.4   141.3   179.8   360.1   448.4   494.6   529.9   573.6   635.7   789.7  9004.9 32179.0 45508.3   7576.9     7599
read      523.6   639.7    74.4   155.4   197.0   437.1   524.8   589.1   643.4   719.2   837.6  1065.5  2180.1  7751.2 30664.3  90709.4    90999
read      448.6   602.0    74.4   140.4   171.2   383.9   471.0   526.2   570.4   627.2   708.0   858.7  1467.2  7739.0 30677.8  87043.7    87111
read      681.7  1897.0    74.4   133.1   159.1   403.3   552.4   667.5   743.3   823.0   919.1  1140.3  8027.1 31527.7 39974.7  15253.2    15322
read      607.0  1425.7    74.4   129.5   155.0   393.7   550.1   691.3   777.9   858.9   949.6  1140.3  4748.3 26611.9 38870.0  16923.2    16893
read      690.5  2139.0    80.4   134.3   161.0   394.8   510.4   583.6   633.0   689.8   772.5   963.9  8608.4 31864.6 39165.1  10975.5    10981
read      590.0  1068.4    74.4   126.3   148.7   369.0   518.6   680.6   892.9  1070.9  1219.9  1419.1  2654.4 12739.7 35519.4  25641.6    25702
read      476.8   724.4    74.4   127.7   150.4   361.8   461.2   524.6   577.7   647.8   770.6  1273.1  2164.6  8241.0 31497.4  49458.4    49554
read      644.9  2263.2    80.4   145.8   187.5   341.9   425.8   466.5   496.7   534.4   589.3   780.0  8291.8 32186.6 48657.9   6635.9     6659
read      501.8   800.1    74.4   131.5   156.6   378.7   473.3   536.5   589.3   665.0   792.0  1357.5  2518.7  9693.7 31869.7  61190.6    61244
read      426.7   328.2    68.9   149.9   181.7   381.3   472.4   527.2   568.6   621.8   699.2   838.7  1165.3  3443.1 10828.1  98690.0    98721
read      416.2   325.3    74.4   146.3   176.9   371.4   461.1   514.9   555.8   608.0   681.9   812.0  1153.4  3324.3 11132.2  97334.7    97313
read      445.9   603.9    68.9   139.4   169.6   378.7   466.3   521.9   567.5   625.3   704.1   848.7  1489.8  7439.3 28951.4  87953.9    87954
read      571.5   948.1    74.4   127.4   149.4   361.0   488.3   600.8   739.4  1071.6  1336.5  1584.3  2264.2 11963.8 32181.7  37365.6    37366
read      460.7   606.7    74.4   137.1   166.4   382.9   466.8   519.3   564.3   629.1   729.1   924.6  1997.4  7530.9 29180.4  81541.7    81696
read      586.4   980.6    68.9   128.2   150.4   369.5   517.1   665.7   880.3  1082.8  1251.8  1465.4  2649.2 10889.6 36137.7  28801.0    28767
read      520.9   781.7    74.4   133.5   161.8   390.8   483.4   548.2   609.3   689.3   831.9  1447.7  2768.0  9419.7 31000.6  69270.6    69342
read      440.2   658.7    74.4   130.5   155.5   362.1   450.7   503.9   548.1   608.3   693.4   858.8  1828.7  9083.2 31005.7  71944.3    71892
read      434.3   614.3    74.4   128.2   152.5   360.2   449.5   502.9   546.2   604.1   688.9   851.8  1824.9  7448.1 29885.4  73367.5    73359
read      532.3   645.0    74.4   127.3   149.8   364.3   508.0   640.9   846.6  1032.9  1182.4  1364.8  1754.5  6609.5 30449.0  26920.7    26875
read      495.3   609.3    74.4   145.6   183.2   414.5   493.5   544.6   592.5   669.2   793.2  1006.8  2218.1  6623.8 27947.9  90401.0    90424
read      778.6  1804.6    74.4   127.9   151.9   387.8   548.6   777.9  1030.8  1225.4  1444.7  2289.2  5444.0 31557.9 37900.2  30103.9    30119
read      499.8   636.8    74.4   144.5   181.4   416.0   499.6   554.7   606.3   679.9   797.5  1017.3  2156.4  7232.9 29944.3  87918.6    88066
read      646.5  2070.5    80.4   136.0   165.5   370.1   469.8   527.4   569.3   618.6   683.8   845.9  8925.5 31632.3 38374.0   9278.9     9317
read      498.4   717.3    74.4   134.6   164.7   397.1   485.1   543.7   594.9   670.2   789.8  1093.6  2588.4  9219.4 30836.4  77029.0    77015
read      421.0   327.7    74.4   144.9   177.0   377.3   465.0   519.7   561.9   616.2   692.9   825.9  1149.5  3249.2 10645.5  99513.9    99441
read      438.5   620.3    74.4   123.2   144.7   357.2   449.1   504.6   550.5   609.6   690.0   966.6  1823.4  7027.8 30676.2  48818.6    48740
read      569.5  1305.9    80.4   134.5   158.9   400.8   529.5   623.1   687.3   757.9   841.9   998.7  4278.5 19090.9 37221.9  13440.3    13400
read      597.7  1864.6    86.8   147.7   189.0   361.6   447.7   490.6   522.9   563.9   626.8   802.0  6383.3 31709.5 40439.1   7103.8     7025
read      583.9   870.6    74.4   127.2   149.1   359.9   493.9   625.3   849.3  1168.4  1393.8  1631.1  2305.9 11296.3 31702.6  37462.0    37518
read      473.7   668.3    68.9   131.4   158.7   383.1   467.3   523.0   572.1   640.4   744.9   999.0  2414.0  7540.7 30762.5  76456.9    76387
read      406.9   319.5    68.9   142.1   172.4   365.2   450.9   502.8   543.8   595.9   672.2   795.1  1098.7  3099.3 11703.0  99757.9    99742
read      433.4   650.1    74.4   124.1   145.5   353.0   445.0   500.2   545.4   605.3   688.5   889.1  1787.9  8500.8 30643.3  58791.2    58788
read      440.5   690.6    74.4   124.3   146.3   359.1   450.8   505.3   550.2   611.0   691.2   876.8  1882.6  8620.1 30393.1  58768.2    58774
read      548.5  1076.5    74.4   129.0   153.5   387.3   535.7   672.4   767.1   854.6   953.2  1130.2  2654.6 11709.2 37156.5  17769.6    17790
read      509.4   771.9    74.4   131.2   158.2   388.3   479.0   540.7   596.6   678.4   812.0  1388.9  2685.0  9519.5 31368.3  70060.4    70039
read     1011.9  2668.7    74.4   145.1   185.1   454.1   630.8   786.8   985.7  1305.4  1756.7  2657.2 11585.4 32282.6 37601.0   9368.7     9367
read      459.1   661.4    74.4   124.4   146.9   361.0   453.9   511.9   562.0   627.5   727.1  1106.7  2191.9  8026.4 30482.4  60595.3    60618
read      434.6   646.0    74.4   121.8   142.8   351.3   441.7   499.1   545.1   601.5   684.0  1046.5  1695.2  7522.9 30749.2  41786.5    41680
read      420.3   351.8    74.4   141.6   173.4   376.3   464.7   520.2   561.4   613.5   686.9   821.7  1159.6  3359.5 12852.0  99271.4    99296
read      428.3   532.6    74.4   129.4   154.7   362.2   449.2   503.1   546.8   606.8   691.3   845.8  1622.8  6825.7 20106.8  79281.1    79366
read      440.7   516.8    68.9   137.8   169.1   383.3   468.8   521.3   564.2   622.1   705.8   860.9  1378.0  6917.8 19145.9  92334.9    92192
read      431.5   448.2    74.4   138.0   169.3   379.2   464.8   519.7   564.4   621.9   700.7   845.7  1279.8  5178.6 16738.1  94340.7    94423
read      429.8   607.5    68.9   126.7   150.0   357.3   444.3   497.2   540.3   599.0   684.5   843.4  1747.7  7693.2 29993.6  71598.9    71821
read      535.0   767.6    74.4   124.3   146.1   350.3   479.1   593.7   792.9  1053.5  1223.7  1405.4  1887.1  8423.5 31641.3  30093.7    30028
read      481.7   710.3    74.4   131.8   159.4   382.0   470.3   528.4   576.8   644.5   754.7  1055.6  2271.9  8300.1 30909.2  74946.8    75054
read      527.2   589.7    74.4   127.3   150.0   366.7   513.0   655.3   841.5  1021.2  1164.7  1332.9  1730.6  6112.3 27453.1  26417.5    26490
read      469.3   633.3    74.4   133.4   163.4   386.9   471.5   527.1   573.8   639.6   744.3   963.1  2064.8  7087.1 30354.7  82130.2    82176
read      602.2  1756.8    80.4   134.6   165.7   366.8   464.2   526.5   570.1   622.4   693.8   869.9  7228.3 31172.6 36246.1   9413.0     9424
read      476.8   614.2    68.9   129.6   156.2   381.8   474.4   535.9   586.7   656.7   764.4  1073.9  2389.3  6677.5 26543.3  69246.2    69280
read      454.5   703.2    74.4   130.8   156.3   373.8   468.7   526.2   571.5   628.9   713.3   885.4  1729.1  9533.6 31057.0  72586.8    72538
read      551.6  1086.9    74.4   127.6   151.8   374.3   525.1   670.2   769.1   859.3   977.4  1147.0  2816.9 13700.8 36440.9  18093.0    18156
read      449.0   632.5    74.4   123.1   145.1   352.9   446.8   505.3   553.5   617.9   715.1  1086.6  2120.2  7387.5 29139.5  57057.7    57111
read      433.7   573.9    68.9   133.3   162.3   372.7   459.1   509.7   551.9   610.4   692.1   841.5  1361.0  7808.2 28361.8  87718.5    87759
read      436.8   645.3    68.9   129.2   154.2   361.5   449.2   503.0   546.4   605.1   689.8   850.3  1761.7  8082.4 30829.4  76800.7    76812
read      519.2   846.4    74.4   123.2   145.6   359.9   507.3   674.2   789.0   882.7  1008.2  1158.2  2029.7  9804.4 31681.0  18149.2    18077
read      443.7   679.4    74.4   122.9   144.8   353.1   443.8   500.7   547.0   608.3   693.4   997.8  2047.6  7496.9 31163.4  55417.2    55442
read      437.2   595.5    74.4   124.7   147.1   357.3   449.2   505.1   549.8   610.0   691.8   870.8  2004.3  6921.2 25972.8  63627.1    63564
read      438.7   652.5    74.4   122.4   143.8   353.5   444.9   501.4   547.4   606.6   689.1   956.3  1888.2  8123.1 29844.6  51333.3    51273
read      527.1  1044.7    74.4   129.5   153.9   373.5   520.9   640.5   716.0   788.2   868.9  1021.3  2537.0 13458.8 32468.4  15020.1    14929
read      492.3   719.0    68.9   128.1   153.5   375.8   466.9   530.0   584.5   660.1   783.3  1319.1  2557.4  8880.3 30469.4  66497.4    66544
read      432.6   586.7    74.4   124.9   146.9   356.8   449.5   506.0   551.2   611.7   694.1   873.6  1840.9  7027.5 28481.2  62591.9    62529
read      551.3   768.6    74.4   125.8   147.7   354.0   483.4   606.1   792.1  1093.5  1316.2  1531.7  2056.8  8807.4 31198.0  36671.1    36669
read      461.4   642.6    68.9   124.7   147.3   361.4   455.1   514.1   563.5   629.3   731.8  1141.0  2172.2  7865.1 28810.9  57846.2    57722
read      446.6   510.3    74.4   140.3   172.8   388.6   480.0   537.6   582.5   638.5   721.7   871.3  1333.3  5863.6 21650.1  91767.1    91786
read      520.3   863.3    74.4   127.6   152.1   369.5   519.2   660.3   756.0   843.8   963.1  1114.7  2003.4 10128.6 32731.6  17840.6    17835
read      485.6   568.1    74.4   128.4   153.6   374.9   467.6   532.6   588.4   667.3   800.9  1463.0  2264.5  5231.3 21039.0  66687.3    66840
read      417.3   317.7    74.4   142.0   173.0   371.4   462.2   517.6   560.1   613.5   687.6   817.4  1153.0  3155.1 11460.6  99443.6    99324
read      424.8   596.4    74.4   123.8   146.3   351.3   442.0   497.5   542.2   600.2   681.1   844.9  1681.6  7781.5 28640.4  65949.4    65992
read      528.8  1070.4    74.4   129.0   154.2   370.4   506.9   616.7   688.6   759.2   846.0  1015.2  3173.9 13912.1 32823.8  14539.4    14469
read      566.5  1042.1    74.4   125.9   149.7   366.2   526.8   705.1   838.4   975.9  1092.9  1263.6  2561.3 13527.6 35638.6  21535.5    21502
read      563.6   773.3    74.4   126.1   148.5   350.3   469.6   577.2   719.4  1109.8  1433.4  1719.7  2300.1  9317.5 30561.2  42777.7    42741
read      483.2   666.2    74.4   133.3   163.4   391.1   481.4   538.9   588.1   659.5   772.5  1061.6  2119.0  7953.4 30166.2  79641.6    79655
read      545.3  1184.1    74.4   126.3   150.3   369.7   518.6   651.4   734.6   815.7   925.7  1086.1  2828.6 16521.7 36485.1  16229.5    16114
read      563.9   785.8    74.4   126.4   149.0   357.6   500.1   646.7   880.7  1118.9  1291.6  1486.6  2132.1  9029.9 31208.8  32380.5    32315
read     1549.8  2651.7    74.4   139.5   175.4   918.6  1873.0  2238.7  2439.2  2672.3  3047.1  3918.7  7923.0 33980.5 46135.0  37073.2    37087
read     1974.4  2571.8   109.4   408.5   466.9  1845.6  2272.3  2465.0  2611.8  2812.8  3134.7  3763.5  6324.9 32467.5 42900.0  61934.2    61910
read      725.1  1705.9    93.8   377.6   404.2   525.7   617.8   714.3   808.5   890.6   977.3  1103.4  2770.2 31697.3 39948.8  81137.2    81178
read      542.5   400.6    74.4   230.1   289.1   481.8   561.6   620.2   679.1   778.1   886.6  1009.7  1241.9  3632.4 16965.7  50519.2    50675
read      420.1   582.7    74.4   121.2   140.8   349.5   440.4   497.4   541.1   595.4   671.2   859.2  1599.6  6163.3 30466.2  40772.8    40681
read      515.7   541.7    74.4   125.0   146.8   352.0   475.7   586.8   735.0  1019.5  1232.6  1445.6  1867.9  4394.6 13311.9  34700.0    34699
read      696.7  2721.4    80.4   154.3   195.7   315.9   370.8   405.8   432.1   464.4   512.2   683.1 11019.5 35679.8 46888.2   5254.4     5294
read      682.9  2430.6    80.4   149.5   191.4   334.8   404.7   448.6   480.3   521.3   580.2   818.0  9860.9 32179.1 39871.7   6449.1     6505
read      569.0   887.7    74.4   127.3   149.8   361.0   482.9   585.1   698.3  1009.1  1360.7  1681.0  2444.0 11070.8 31650.0  42320.4    42402
read      433.4   583.7    74.4   129.2   154.8   361.6   451.0   505.5   549.1   608.4   691.6   852.9  1744.8  7479.0 28076.5  77310.8    77254
read      570.3   851.2    74.4   127.0   149.8   360.7   503.9   646.1   878.8  1088.7  1253.0  1448.3  2388.4 10029.3 31741.4  30322.3    30299
read      487.7   740.3    74.4   126.4   150.0   367.1   461.7   525.0   581.2   654.9   776.4  1319.3  2575.7  8316.8 31210.1  61636.1    61651
read      565.9  1227.1    80.4   132.2   158.4   380.9   525.1   642.8   718.7   796.9   914.1  1081.9  3749.8 17356.3 34045.2  15661.8    15730
read      600.3   939.9    74.4   127.7   150.2   363.3   503.4   636.6   890.3  1195.9  1401.8  1656.6  2473.2 10706.0 32025.0  37334.2    37265
read      555.9  1540.7    80.4   137.6   168.8   361.0   464.2   526.8   571.6   622.4   687.7   832.0  5442.0 30676.3 37130.0   9459.5     9483
read      564.3  1021.0    74.4   129.4   154.5   374.9   542.4   706.3   809.6   930.1  1040.5  1217.0  2720.6 12941.4 32374.2  19363.7    19380
read      521.7   474.2    74.4   162.4   211.4   446.9   528.2   588.1   644.0   731.5   857.6  1048.1  2081.4  4453.8 13651.0  96943.8    96754
read      579.0  2046.1    86.8   148.4   191.2   323.6   387.0   424.1   451.8   486.5   537.5   660.9  7120.7 32287.0 40911.7   6137.1     6185
read      483.5   687.0    68.9   129.4   155.2   375.2   466.9   529.5   582.1   655.4   772.1  1199.3  2284.9  7840.4 30157.8  69111.5    69083
read      434.4   595.2    74.4   131.4   158.6   366.0   456.4   511.1   554.5   611.6   691.2   844.2  1537.8  7600.3 28773.7  82222.2    82171
read      553.7   933.6    74.4   126.8   150.4   361.8   516.4   675.6   833.0   978.2  1105.5  1270.8  2329.0 12356.0 32218.1  23845.8    23825
read      544.9   650.8    74.4   125.1   146.7   354.3   492.3   630.0   855.0  1103.6  1293.0  1498.1  1971.9  6783.6 27025.2  35743.2    35656
read      535.1   584.5    74.4   124.8   146.9   352.2   487.8   624.3   836.4  1091.5  1278.9  1482.0  1931.1  5375.3 15884.7  34959.5    35016
read      511.6   600.9    74.4   126.0   150.2   361.9   520.2   685.5   804.2   931.8  1042.5  1187.8  1656.9  7094.3 20147.8  21229.2    21239
read      507.6   566.2    74.4   150.1   191.9   427.4   510.6   570.0   622.1   697.9   824.8  1044.7  2027.2  6969.1 24049.9  91948.5    92037
read      412.7   478.8    68.9   126.2   148.2   346.8   443.3   503.4   549.8   607.5   683.6   861.7  1503.3  5184.2 20800.2  62101.4    62051
read      393.0   320.3    68.9   133.1   158.4   344.2   433.4   489.7   532.7   585.3   657.3   781.2  1133.6  3424.5 12074.4  88950.4    89009
read      399.1   375.6    68.9   131.6   155.8   341.7   432.5   491.0   535.9   590.7   666.0   798.6  1276.0  3988.0 10418.8  81946.1    81765
read      404.9   350.7    68.9   124.7   146.8   349.5   441.3   499.9   546.5   602.6   678.0   902.9  1408.2  2545.0  9261.6  43308.1    43388

Total QPS = 53144.5 (95660072 / 1800.0s)

Total connections = 64
Misses = 0 (0.0%)
Skipped TXs = 0 (0.0%)

RX 23628037043 bytes :   12.5 MB/s
TX          0 bytes :    0.0 MB/s
Warning! Detected max cpu usage > 95%
CPU Usage Stats (avg/min/max): 99.95%,48.99%,100.00%