Starting measuring cpu utilization percentages
Each number represents the percentage of cpu used per cpu.
[0.0, 0.0, 0.0, 0.0]
[1.0, 1.0, 0.0, 1.0]
[20.0, 2.1, 0.0, 1.0]
[77.2, 9.5, 3.3, 8.0]
[74.6, 8.5, 5.3, 9.9]
[73.0, 4.3, 0.0, 2.3]
[74.6, 11.2, 4.3, 6.7]
[65.3, 13.5, 4.2, 6.5]
[2.0, 0.0, 1.0, 2.0]
[37.3, 3.1, 1.1, 1.1]
[76.6, 5.4, 3.4, 7.6]
[75.8, 13.6, 2.2, 5.5]
[76.9, 15.2, 5.3, 5.5]
[73.9, 9.1, 3.3, 4.4]
[51.2, 10.9, 2.1, 5.3]
[0.0, 1.0, 0.0, 0.0]
[52.6, 6.4, 4.2, 6.5]
[77.5, 13.0, 3.2, 5.6]
[76.7, 8.3, 2.1, 5.4]
[73.9, 5.3, 2.1, 3.3]
[73.7, 6.5, 5.2, 8.5]
[35.5, 3.1, 0.0, 2.1]
[1.0, 1.0, 1.0, 0.0]
[64.2, 7.3, 4.3, 4.4]
[76.3, 13.3, 6.6, 11.8]
[76.5, 8.4, 1.1, 4.5]
[77.5, 11.3, 4.4, 10.9]
[77.3, 10.3, 3.3, 3.4]
[23.1, 4.0, 2.0, 1.0]
[0.0, 0.0, 0.0, 1.0]
[76.4, 11.6, 7.4, 3.4]
[75.6, 10.3, 5.3, 7.6]
[77.7, 12.1, 3.2, 6.5]
[75.8, 10.2, 3.2, 2.2]
[74.4, 12.2, 5.3, 9.5]
[2.0, 0.0, 1.0, 0.0]
[20.2, 3.1, 3.1, 4.1]
[78.6, 11.2, 5.3, 6.7]
[76.3, 10.3, 4.3, 6.7]
[74.6, 10.1, 3.2, 7.5]
[75.0, 12.0, 2.2, 7.6]
[64.3, 9.0, 1.1, 4.3]
[0.0, 0.0, 2.0, 1.0]
[34.5, 2.1, 0.0, 2.1]
[75.6, 9.9, 4.3, 6.5]
[74.6, 7.5, 2.2, 2.2]
[75.2, 16.2, 6.3, 6.5]
[77.5, 9.8, 4.3, 5.4]
[53.8, 7.1, 2.1, 2.1]
[0.0, 1.0, 0.0, 1.0]