Starting measuring cpu utilization percentages
Each number represents the percentage of cpu used per cpu.
[0.0, 0.0, 0.0, 0.0]
[65.5, 7.2, 1.1, 7.4]
[35.7, 4.0, 4.0, 5.1]
[1.0, 0.0, 0.0, 1.0]
[55.9, 4.2, 5.2, 3.3]
[66.7, 10.4, 7.3, 10.6]
[66.9, 8.4, 4.3, 10.6]
[68.5, 4.3, 5.2, 6.5]
[66.4, 9.3, 2.2, 10.4]
[20.7, 2.0, 1.0, 0.0]
[1.0, 2.0, 1.0, 1.0]
[67.4, 8.5, 3.2, 3.3]
[68.5, 8.4, 4.3, 7.4]
[66.9, 12.1, 5.4, 8.3]
[65.8, 4.3, 2.2, 3.2]
[64.6, 5.4, 6.3, 6.2]
[1.0, 2.0, 0.0, 1.0]
[20.4, 3.0, 2.0, 1.0]
[69.0, 4.3, 3.2, 9.4]
[66.0, 7.1, 3.2, 2.2]
[66.4, 6.2, 6.3, 7.3]
[66.7, 7.1, 0.0, 4.3]
[57.4, 6.1, 3.2, 4.3]
[3.0, 2.9, 0.0, 3.0]
[35.0, 4.1, 3.1, 2.1]
[64.9, 6.5, 6.2, 9.6]
[66.2, 12.2, 4.3, 10.6]
[68.0, 8.4, 2.2, 5.6]
[65.1, 7.4, 5.2, 7.7]
[42.9, 6.1, 1.0, 3.2]
[2.0, 1.0, 2.0, 0.0]
[48.9, 3.2, 5.1, 5.2]
[68.8, 14.0, 5.3, 8.4]
[66.4, 3.4, 6.4, 6.5]
[65.5, 7.4, 6.1, 6.3]
[65.5, 8.5, 6.3, 6.5]
[30.4, 4.1, 0.0, 1.0]
[0.0, 0.0, 0.0, 1.0]
[61.0, 6.1, 2.2, 6.3]
[66.4, 4.2, 3.3, 5.4]
[66.0, 6.1, 7.5, 3.3]
[68.3, 5.3, 8.7, 7.5]
[68.0, 6.1, 4.4, 6.4]
[12.4, 1.0, 0.0, 3.0]
[8.7, 1.0, 2.0, 1.0]
[66.7, 4.3, 6.4, 6.3]
[68.5, 7.4, 5.4, 4.3]
[69.7, 10.3, 7.4, 7.3]
[69.0, 7.4, 5.4, 6.3]
[63.6, 3.3, 5.3, 6.2]