[0.0, 0.0, 0.0, 0.0]
[58.8, 3.1, 1.1, 0.0]
[100.0, 12.0, 6.5, 7.7]
[100.0, 12.7, 4.4, 4.4]
[100.0, 11.8, 4.3, 6.5]
[100.0, 11.9, 3.4, 5.5]
[45.0, 5.0, 4.1, 2.1]
[1.0, 1.0, 1.0, 3.0]
[79.2, 8.6, 5.4, 7.4]
[99.0, 8.9, 0.0, 4.5]
[100.0, 6.7, 4.4, 5.6]
[100.0, 4.7, 3.4, 6.7]
[100.0, 9.9, 4.5, 8.8]
[22.4, 2.1, 1.0, 3.1]
[3.2, 0.0, 1.0, 0.0]
[99.0, 10.9, 4.5, 8.0]
[100.0, 8.8, 0.0, 2.3]
[100.0, 11.5, 7.6, 6.7]
[100.0, 10.5, 1.1, 2.3]
[100.0, 12.4, 5.5, 6.6]
[3.0, 0.0, 1.0, 1.0]
[17.2, 1.0, 0.0, 1.0]
[100.0, 9.0, 9.8, 8.6]
[100.0, 15.3, 2.3, 5.5]
[100.0, 19.2, 5.6, 5.3]
[100.0, 13.7, 4.7, 6.5]
[83.0, 8.4, 5.4, 4.2]
[1.0, 1.0, 0.0, 1.0]
[41.6, 2.1, 2.1, 3.1]
[100.0, 12.1, 4.5, 3.4]
[100.0, 7.4, 2.3, 4.4]
[100.0, 12.4, 6.9, 7.8]
[100.0, 11.3, 5.6, 7.7]
[62.4, 8.1, 3.3, 5.3]
[1.1, 1.0, 3.0, 2.0]
[64.9, 7.1, 4.3, 4.3]
[100.0, 8.2, 4.5, 6.5]
[100.0, 13.7, 3.4, 7.4]
[100.0, 9.1, 2.3, 3.3]
[100.0, 6.3, 4.5, 7.4]
[38.0, 1.0, 1.1, 0.0]
[1.0, 1.0, 0.0, 3.0]
[86.1, 10.3, 7.9, 3.2]
[100.0, 5.5, 8.1, 3.2]
[100.0, 8.4, 3.6, 3.2]
[100.0, 12.4, 5.9, 7.2]
[100.0, 13.0, 3.6, 0.0]
[15.3, 3.1, 5.0, 2.0]
[7.2, 0.0, 0.0, 0.0]
[100.0, 13.5, 5.7, 6.7]