Starting measuring cpu utilization percentages
Each number represents the percentage of cpu used per cpu.
[0.0, 0.0, 0.0, 0.0]
[83.3, 12.5, 6.7, 7.5]
[84.2, 5.6, 3.3, 1.1]
[81.2, 6.6, 2.3, 5.4]
[1.1, 1.0, 2.0, 2.0]
[23.7, 2.1, 2.1, 4.1]
[83.9, 11.7, 2.3, 3.3]
[82.6, 14.3, 4.4, 6.4]
[83.3, 8.6, 4.4, 3.3]
[84.2, 8.8, 2.2, 3.3]
[68.4, 6.5, 3.3, 1.1]
[2.0, 1.0, 0.0, 2.0]
[39.8, 6.1, 3.1, 3.0]
[85.5, 3.4, 2.2, 3.2]
[86.2, 6.7, 7.5, 1.1]
[86.2, 9.8, 6.6, 4.3]
[85.5, 8.5, 2.2, 4.2]
[52.7, 7.2, 2.1, 2.1]
[0.0, 0.0, 1.0, 1.0]
[56.2, 8.7, 3.3, 6.4]
[87.7, 9.9, 7.7, 7.6]
[86.3, 13.3, 6.9, 5.6]
[85.3, 10.7, 6.7, 4.4]
[87.7, 8.0, 9.8, 5.6]
[42.9, 6.9, 2.2, 4.2]
[0.0, 2.0, 0.0, 2.0]
[67.0, 6.4, 3.3, 3.4]
[82.1, 9.5, 6.6, 6.8]
[81.8, 10.5, 4.4, 6.8]
[84.0, 9.6, 3.4, 8.0]
[82.1, 7.5, 1.1, 3.5]
[21.2, 3.0, 4.0, 2.1]
[1.0, 1.0, 1.0, 0.0]
[82.4, 7.6, 1.1, 6.7]
[84.7, 6.6, 6.2, 5.7]
[86.2, 10.6, 4.3, 8.7]
[82.1, 7.4, 2.1, 5.6]
[82.0, 10.4, 4.2, 7.6]
[1.0, 1.0, 1.0, 0.0]
[20.2, 1.0, 2.0, 2.0]
[83.3, 6.3, 3.4, 2.3]
[83.9, 6.3, 3.4, 6.7]
[84.2, 8.2, 3.4, 6.6]
[85.3, 7.3, 3.4, 4.5]
[72.8, 6.2, 5.5, 6.6]
[1.0, 2.0, 0.0, 1.0]
[38.3, 5.2, 1.0, 2.1]
[81.3, 6.7, 6.4, 5.5]
[80.8, 7.7, 2.2, 4.4]
[85.3, 11.0, 6.5, 8.7]