Starting measuring cpu utilization percentages
Each number represents the percentage of cpu used per cpu.
[0.0, 0.0, 0.0, 0.0]
[14.4, 3.1, 0.0, 1.1]
[19.1, 3.1, 2.1, 3.1]
[25.7, 2.1, 2.1, 2.1]
[21.9, 2.1, 2.1, 1.1]
[9.2, 4.0, 5.0, 3.0]
[3.0, 2.0, 2.0, 1.0]
[18.4, 1.0, 1.0, 4.0]
[28.4, 3.2, 3.1, 5.2]
[33.3, 8.9, 3.1, 4.1]
[26.3, 3.1, 4.1, 3.1]
[21.6, 4.1, 3.0, 1.0]
[4.1, 3.0, 1.0, 1.0]
[0.0, 2.0, 1.0, 2.0]
[16.5, 1.1, 1.0, 1.1]
[18.1, 4.1, 3.1, 5.1]
[14.4, 5.2, 2.1, 4.1]
[13.5, 2.1, 1.0, 2.1]
[20.8, 4.1, 5.1, 4.1]
[4.1, 1.0, 0.0, 0.0]
[4.0, 1.0, 2.0, 0.0]
[21.1, 2.1, 0.0, 1.1]
[18.1, 3.1, 3.1, 2.1]
[22.1, 3.1, 1.0, 3.1]
[27.8, 7.9, 2.1, 5.2]
[13.3, 7.0, 4.0, 4.1]
[2.0, 2.0, 2.0, 2.0]
[9.2, 1.0, 2.0, 1.0]
[23.2, 2.1, 1.0, 3.1]
[23.7, 3.1, 1.0, 5.1]
[21.6, 1.0, 4.1, 0.0]
[25.0, 3.1, 2.1, 4.1]
[16.0, 4.0, 3.0, 3.1]
[1.0, 1.0, 3.0, 0.0]
[10.9, 2.0, 1.0, 2.0]
[20.2, 4.2, 5.2, 3.1]
[18.3, 2.1, 4.1, 6.1]
[17.4, 4.1, 1.0, 1.0]
[24.7, 2.1, 3.1, 3.1]
[13.5, 3.0, 2.0, 2.0]
[1.0, 0.0, 0.0, 2.0]
[11.2, 3.1, 0.0, 3.1]
[23.7, 4.1, 3.1, 2.1]
[23.7, 1.1, 1.0, 1.0]
[22.9, 2.1, 2.1, 3.1]
[20.4, 8.0, 4.2, 3.1]
[6.0, 2.0, 2.0, 4.0]
[2.0, 0.0, 2.0, 0.0]
[19.4, 2.1, 2.1, 1.1]
[22.0, 2.1, 3.1, 7.1]