Starting measuring cpu utilization percentages
Each number represents the percentage of cpu used per cpu.
[0.0, 0.0, 0.0, 0.0]
[46.9, 10.8, 5.2, 5.2]
[2.0, 0.0, 1.0, 0.0]
[15.0, 4.0, 0.0, 1.0]
[51.1, 5.2, 4.2, 5.2]
[50.8, 10.0, 3.1, 5.1]
[57.6, 8.2, 6.2, 5.2]
[55.5, 7.2, 2.1, 2.1]
[40.8, 2.1, 2.1, 1.1]
[0.0, 0.0, 2.0, 1.0]
[28.1, 4.0, 1.0, 2.1]
[52.2, 9.0, 3.2, 6.1]
[50.8, 8.2, 6.1, 5.2]
[51.5, 13.3, 5.2, 5.1]
[48.9, 7.2, 1.1, 3.2]
[33.3, 5.1, 2.1, 2.0]
[2.1, 1.0, 0.0, 1.0]
[33.3, 3.1, 2.1, 4.1]
[48.9, 8.0, 3.1, 4.3]
[47.3, 10.8, 3.1, 4.2]
[47.3, 6.1, 4.0, 2.2]
[55.2, 10.9, 4.1, 8.1]
[24.6, 5.9, 1.0, 3.1]
[1.0, 1.0, 2.0, 0.0]
[48.5, 5.2, 4.2, 2.1]
[56.1, 11.9, 3.2, 6.0]
[58.0, 6.1, 2.1, 2.1]
[52.9, 10.0, 6.2, 5.2]
[48.1, 5.2, 2.1, 3.0]
[9.7, 2.0, 2.0, 0.0]
[4.0, 2.9, 1.0, 0.0]
[51.9, 9.0, 4.2, 3.2]
[49.3, 5.2, 5.2, 5.1]
[50.0, 5.2, 5.1, 2.1]
[48.8, 6.1, 4.1, 4.2]
[49.2, 7.1, 2.1, 1.1]
[1.1, 3.0, 1.0, 2.0]
[16.5, 3.0, 2.0, 1.0]
[46.0, 4.1, 3.1, 3.2]
[48.9, 6.1, 3.1, 6.2]
[47.6, 8.8, 4.1, 7.1]
[49.6, 7.1, 3.2, 5.2]
[36.1, 3.1, 6.0, 2.1]
[1.0, 0.0, 2.0, 2.0]
[28.3, 4.0, 1.0, 4.0]
[51.9, 9.0, 4.1, 5.2]
[53.3, 9.0, 2.1, 4.1]
[47.3, 7.1, 1.1, 2.1]
[47.7, 5.2, 2.1, 4.1]
[23.1, 3.1, 1.0, 3.1]