Starting measuring cpu utilization percentages
Each number represents the percentage of cpu used per cpu.
[0.0, 0.0, 0.0, 0.0]
[100.0, 6.7, 3.5, 3.5]
[97.1, 5.7, 3.5, 6.7]
[97.1, 7.7, 4.7, 5.7]
[7.1, 2.0, 0.0, 1.0]
[13.4, 3.0, 0.0, 1.0]
[100.0, 8.8, 5.4, 6.9]
[98.0, 11.8, 4.3, 6.9]
[98.1, 12.8, 7.4, 10.2]
[98.0, 12.6, 1.1, 3.5]
[88.0, 11.5, 2.2, 10.9]
[0.0, 1.0, 0.0, 1.0]
[31.7, 5.1, 4.1, 1.1]
[98.0, 5.6, 4.7, 5.6]
[100.0, 12.2, 7.9, 3.4]
[100.0, 6.6, 5.7, 4.5]
[100.0, 7.6, 6.9, 8.8]
[70.3, 5.3, 4.4, 1.1]
[2.0, 2.0, 0.0, 3.0]
[52.5, 4.2, 1.0, 4.2]
[100.0, 9.6, 4.3, 5.5]
[100.0, 12.5, 2.2, 2.2]
[100.0, 6.7, 1.1, 5.6]
[99.0, 8.9, 2.2, 5.6]
[49.5, 6.2, 4.0, 4.1]
[2.1, 1.0, 1.0, 0.0]
[76.5, 10.6, 4.4, 8.5]
[98.0, 5.7, 1.1, 5.5]
[100.0, 14.9, 7.5, 5.6]
[99.0, 12.8, 2.2, 5.6]
[99.0, 14.6, 3.4, 5.7]
[28.0, 1.1, 1.0, 3.0]
[0.0, 0.0, 2.0, 0.0]
[90.6, 8.9, 2.2, 7.9]
[98.0, 9.0, 2.3, 9.1]
[99.0, 8.0, 3.3, 9.0]
[100.0, 10.0, 6.5, 8.0]
[96.2, 5.7, 3.3, 5.7]
[7.0, 2.0, 1.0, 3.0]
[16.5, 1.0, 0.0, 1.0]
[100.0, 9.6, 2.3, 5.5]
[100.0, 6.5, 1.2, 3.3]
[100.0, 10.5, 3.4, 4.4]
[100.0, 7.6, 5.6, 7.5]
[83.8, 13.3, 5.5, 6.5]
[1.0, 0.0, 0.0, 1.0]
[40.4, 2.1, 1.1, 3.2]
[98.0, 9.9, 3.4, 9.2]
[98.1, 15.3, 8.5, 12.4]
[97.1, 9.8, 2.3, 4.7]