Starting measuring cpu utilization percentages
Each number represents the percentage of cpu used per cpu.
[0.0, 0.0, 0.0, 0.0]
[61.3, 7.2, 6.2, 9.0]
[62.2, 7.4, 4.2, 6.3]
[64.9, 11.0, 3.1, 3.2]
[61.6, 4.3, 2.1, 4.2]
[18.2, 2.0, 3.0, 0.0]
[1.0, 0.0, 0.0, 2.0]
[60.7, 5.2, 3.2, 6.2]
[63.2, 8.1, 7.2, 4.3]
[60.5, 5.3, 6.3, 4.3]
[60.3, 3.2, 8.2, 5.3]
[61.5, 6.2, 3.3, 8.2]
[3.1, 4.0, 5.0, 3.0]
[18.1, 1.0, 0.0, 1.0]
[61.3, 5.4, 6.2, 5.4]
[61.3, 6.3, 2.1, 5.3]
[59.9, 6.3, 3.2, 6.3]
[59.9, 5.3, 3.2, 4.3]
[52.9, 6.3, 2.1, 8.1]
[2.0, 2.0, 0.0, 1.0]
[30.5, 1.1, 1.0, 0.0]
[59.5, 9.3, 9.0, 4.3]
[60.3, 6.4, 4.3, 6.3]
[62.6, 7.3, 4.2, 6.2]
[60.1, 7.4, 4.2, 6.3]
[42.7, 3.1, 3.1, 0.0]
[0.0, 1.0, 0.0, 1.0]
[45.0, 6.1, 2.1, 4.2]
[61.7, 9.3, 4.2, 8.4]
[60.9, 11.9, 5.2, 9.2]
[59.9, 3.2, 3.1, 6.4]
[61.2, 8.2, 5.2, 6.3]
[30.8, 6.0, 2.0, 5.1]
[1.0, 0.0, 1.0, 0.0]
[54.6, 7.1, 6.2, 6.1]
[63.0, 8.1, 2.2, 6.2]
[61.1, 4.2, 9.1, 5.2]
[61.5, 7.1, 5.2, 4.2]
[65.5, 10.9, 4.3, 3.2]
[15.6, 3.0, 1.0, 2.0]
[6.7, 1.0, 1.0, 1.0]
[61.2, 12.9, 5.2, 7.4]
[62.8, 14.6, 5.2, 6.5]
[63.1, 2.2, 4.2, 6.3]
[61.9, 8.2, 6.1, 7.4]
[57.6, 3.2, 4.2, 1.1]
[1.0, 2.0, 0.0, 2.0]
[24.6, 1.0, 3.0, 1.0]
[61.9, 9.2, 5.2, 3.3]
[62.3, 4.2, 2.1, 5.2]