Starting measuring cpu utilization percentages
Each number represents the percentage of cpu used per cpu.
[0.0, 0.0, 0.0, 0.0]
[8.9, 2.1, 3.1, 4.0]
[4.5, 1.0, 1.0, 2.0]
[7.2, 2.0, 4.9, 2.0]
[2.1, 3.0, 1.0, 1.0]
[7.6, 2.0, 2.0, 1.0]
[5.5, 1.0, 1.0, 1.0]
[4.4, 4.0, 2.0, 1.0]
[5.6, 1.0, 2.0, 2.1]
[8.6, 2.1, 2.0, 5.1]
[2.1, 1.0, 0.0, 2.0]
[1.0, 1.0, 3.0, 3.0]
[10.6, 2.0, 3.1, 1.0]
[7.9, 4.0, 2.1, 3.1]
[12.4, 3.0, 3.1, 3.1]
[6.7, 4.0, 3.1, 1.0]
[4.5, 2.0, 2.0, 4.0]
[2.0, 0.0, 0.0, 0.0]
[1.1, 3.0, 1.0, 2.0]
[13.3, 2.1, 2.1, 4.1]
[5.6, 3.1, 2.1, 3.1]
[8.7, 3.1, 5.1, 3.1]
[8.7, 2.0, 1.0, 3.1]
[6.7, 1.0, 4.0, 2.1]
[0.0, 1.0, 1.0, 1.0]
[4.1, 2.0, 1.0, 0.0]
[4.5, 4.0, 3.0, 1.0]
[8.7, 1.0, 2.0, 2.1]
[8.9, 3.1, 3.0, 3.1]
[7.9, 3.1, 4.0, 1.0]
[7.3, 2.0, 3.9, 2.0]
[2.0, 0.0, 1.0, 3.0]
[5.2, 2.0, 0.0, 2.0]
[13.0, 5.1, 3.0, 2.1]
[11.6, 7.0, 3.0, 7.8]
[10.1, 2.1, 4.0, 1.0]
[6.6, 2.0, 2.0, 2.1]
[5.2, 3.0, 0.0, 1.0]
[0.0, 2.0, 1.0, 0.0]
[4.4, 0.0, 2.1, 2.0]
[7.7, 2.0, 1.0, 3.1]
[6.7, 2.1, 6.0, 1.0]
[5.6, 1.0, 1.0, 1.0]
[11.0, 2.1, 4.1, 4.0]
[3.2, 3.0, 3.0, 1.0]
[0.0, 0.0, 1.0, 0.0]
[8.7, 2.0, 0.0, 2.1]
[3.4, 4.0, 2.0, 0.0]
[8.9, 2.0, 2.0, 2.0]
[11.5, 4.0, 2.0, 3.1]