Starting measuring cpu utilization percentages
Each number represents the percentage of cpu used per cpu.
[0.0, 0.0, 0.0, 0.0]
[83.2, 14.9, 4.2, 6.7]
[77.4, 7.9, 2.2, 4.5]
[1.1, 1.0, 2.0, 2.0]
[31.4, 3.1, 3.1, 3.1]
[89.2, 8.6, 2.2, 6.5]
[90.0, 7.7, 4.3, 2.2]
[91.0, 11.6, 2.2, 5.4]
[89.4, 8.8, 2.2, 4.4]
[64.8, 4.3, 2.1, 2.2]
[2.0, 0.0, 1.0, 1.0]
[47.2, 6.1, 2.1, 1.1]
[87.7, 11.3, 2.3, 11.2]
[89.4, 7.6, 4.5, 8.1]
[89.2, 7.4, 2.2, 8.1]
[85.6, 7.4, 5.5, 4.7]
[46.2, 4.1, 3.1, 4.3]
[1.0, 0.0, 0.0, 0.0]
[65.1, 4.3, 4.3, 4.3]
[87.7, 9.4, 4.3, 4.4]
[90.1, 7.4, 6.5, 8.7]
[88.5, 9.6, 4.3, 8.6]
[89.3, 10.4, 4.3, 6.7]
[33.3, 5.1, 1.1, 3.1]
[2.0, 0.0, 0.0, 1.0]
[78.8, 6.7, 2.2, 7.5]
[87.0, 13.5, 4.4, 7.6]
[86.8, 9.0, 4.4, 7.6]
[91.8, 7.9, 7.5, 7.7]
[88.4, 5.7, 0.0, 4.4]
[12.9, 5.9, 3.0, 1.0]
[12.7, 0.0, 3.0, 1.0]
[92.5, 9.7, 5.5, 7.4]
[93.5, 13.3, 4.5, 6.5]
[92.5, 10.4, 3.4, 4.3]
[89.3, 7.4, 5.4, 4.4]
[82.0, 8.2, 3.3, 3.2]
[0.0, 0.0, 0.0, 1.0]
[31.4, 1.0, 1.0, 3.1]
[87.6, 6.3, 3.3, 6.7]
[89.5, 10.5, 10.6, 11.1]
[88.5, 6.3, 2.2, 2.3]
[91.7, 10.4, 4.4, 5.7]
[70.2, 9.2, 7.4, 7.6]
[1.0, 0.0, 0.0, 1.0]
[49.5, 5.0, 3.2, 5.2]
[91.7, 6.3, 4.5, 8.7]
[91.8, 8.1, 4.4, 4.5]
[91.7, 6.2, 4.4, 8.7]
[90.1, 4.3, 1.1, 4.6]