Starting measuring cpu utilization percentages
Each number represents the percentage of cpu used per cpu.
[0.0, 0.0, 0.0, 0.0]
[97.0, 9.7, 5.5, 6.9]
[100.0, 11.6, 2.2, 6.8]
[100.0, 9.7, 6.5, 3.6]
[100.0, 13.3, 3.4, 6.8]
[100.0, 9.7, 2.3, 6.9]
[4.3, 4.0, 5.0, 2.0]
[21.0, 3.0, 1.0, 1.0]
[100.0, 8.6, 4.5, 2.3]
[100.0, 7.5, 5.6, 5.6]
[100.0, 19.6, 6.8, 9.9]
[100.0, 12.4, 5.6, 6.7]
[82.0, 7.4, 3.4, 5.5]
[0.0, 2.0, 1.0, 2.0]
[42.0, 3.2, 3.1, 2.2]
[100.0, 6.7, 2.3, 5.8]
[100.0, 16.3, 5.6, 9.3]
[100.0, 14.4, 3.4, 4.8]
[100.0, 9.7, 2.3, 6.9]
[59.2, 5.3, 2.2, 3.3]
[1.0, 1.0, 0.0, 1.0]
[66.3, 3.2, 3.4, 3.2]
[100.0, 10.2, 3.6, 4.4]
[100.0, 12.9, 5.9, 4.4]
[100.0, 10.2, 2.4, 3.4]
[100.0, 12.1, 8.0, 5.4]
[40.0, 9.7, 6.3, 5.2]
[3.0, 3.0, 2.0, 2.0]
[84.2, 7.5, 4.3, 4.3]
[100.0, 8.7, 1.1, 2.2]
[100.0, 7.7, 2.2, 3.3]
[100.0, 10.9, 6.6, 5.4]
[100.0, 6.7, 1.1, 4.3]
[17.2, 1.0, 1.0, 2.0]
[6.9, 2.0, 1.0, 1.0]
[100.0, 9.8, 2.2, 7.7]
[100.0, 19.2, 7.4, 10.9]
[100.0, 11.8, 2.2, 5.7]
[100.0, 9.6, 5.3, 6.7]
[94.9, 12.4, 2.2, 4.5]
[1.0, 3.0, 0.0, 1.0]
[27.1, 2.1, 1.0, 2.0]
[100.0, 13.7, 2.3, 4.3]
[100.0, 14.3, 7.7, 4.3]
[100.0, 14.4, 5.6, 7.2]
[100.0, 14.7, 6.8, 6.5]
[76.0, 13.3, 5.5, 9.2]
[1.0, 2.0, 1.0, 1.0]
[45.5, 6.1, 2.1, 2.1]
[100.0, 8.6, 2.3, 3.3]