Starting measuring cpu utilization percentages
Each number represents the percentage of cpu used per cpu.
[0.0, 0.0, 0.0, 0.0]
[95.2, 11.2, 3.3, 5.6]
[40.0, 3.2, 2.1, 3.1]
[0.0, 1.0, 0.0, 0.0]
[73.8, 5.4, 2.2, 5.4]
[93.4, 9.7, 3.4, 2.3]
[95.3, 8.9, 8.8, 6.7]
[93.4, 6.6, 2.3, 4.5]
[95.3, 8.8, 9.8, 7.9]
[23.5, 4.0, 0.0, 1.0]
[0.0, 0.0, 2.0, 1.0]
[94.2, 6.8, 6.9, 6.5]
[98.0, 5.7, 3.5, 3.3]
[96.2, 8.9, 4.7, 4.3]
[97.1, 15.6, 11.1, 5.5]
[96.1, 7.7, 3.5, 2.2]
[5.1, 3.0, 1.0, 1.0]
[19.0, 2.0, 1.0, 0.0]
[93.5, 8.0, 4.4, 5.6]
[94.3, 6.7, 1.1, 5.4]
[95.3, 12.1, 7.5, 8.6]
[97.1, 11.8, 4.3, 7.6]
[79.0, 9.6, 3.2, 5.3]
[0.0, 0.0, 0.0, 0.0]
[38.6, 3.1, 2.1, 5.1]
[97.1, 6.6, 3.4, 3.4]
[100.0, 14.1, 8.7, 5.5]
[98.0, 11.5, 4.5, 4.5]
[96.2, 8.6, 5.6, 4.4]
[59.8, 9.0, 3.2, 1.1]
[0.0, 1.0, 0.0, 0.0]
[59.4, 9.4, 5.3, 7.4]
[95.2, 5.6, 2.2, 6.7]
[94.4, 6.7, 1.1, 5.6]
[95.3, 9.9, 5.4, 8.8]
[95.2, 12.6, 1.1, 6.7]
[42.7, 2.1, 3.1, 0.0]
[1.0, 0.0, 0.0, 0.0]
[74.8, 8.9, 5.4, 7.6]
[92.6, 10.8, 6.5, 8.7]
[95.3, 10.0, 2.2, 4.5]
[97.1, 12.8, 6.5, 6.7]
[97.1, 8.9, 4.3, 6.7]
[20.4, 1.0, 0.0, 0.0]
[4.0, 1.0, 1.0, 2.0]
[93.4, 8.5, 3.2, 5.8]
[96.2, 11.3, 7.4, 9.2]
[93.4, 11.1, 3.2, 5.8]
[93.5, 5.4, 3.3, 3.6]
[93.5, 6.5, 1.1, 6.9]