Starting measuring cpu utilization percentages
Each number represents the percentage of cpu used per cpu.
[0.0, 0.0, 0.0, 0.0]
[100.0, 6.7, 2.3, 8.5]
[25.5, 4.1, 0.0, 3.1]
[1.0, 0.0, 2.0, 2.0]
[94.1, 7.7, 3.3, 2.2]
[100.0, 13.4, 6.5, 4.2]
[100.0, 4.5, 3.3, 3.2]
[100.0, 9.8, 4.4, 4.2]
[100.0, 11.7, 6.5, 4.2]
[10.1, 2.0, 2.0, 1.0]
[16.5, 0.0, 1.0, 3.0]
[100.0, 12.4, 1.1, 9.5]
[100.0, 13.3, 6.3, 10.3]
[100.0, 14.1, 3.2, 11.5]
[100.0, 14.7, 3.2, 10.2]
[87.9, 11.2, 3.2, 7.9]
[1.0, 1.0, 0.0, 1.0]
[33.7, 3.1, 2.1, 3.1]
[100.0, 11.0, 6.9, 8.4]
[100.0, 15.4, 9.2, 7.4]
[100.0, 8.2, 5.7, 3.2]
[100.0, 13.6, 6.9, 10.4]
[68.3, 6.1, 3.3, 3.2]
[1.0, 1.0, 0.0, 2.0]
[55.0, 7.1, 3.1, 6.3]
[100.0, 18.3, 3.3, 9.0]
[100.0, 10.4, 4.3, 5.7]
[100.0, 11.3, 3.3, 7.9]
[99.0, 10.5, 4.4, 10.1]
[48.0, 1.1, 1.1, 3.2]
[1.1, 1.0, 0.0, 2.0]
[74.2, 2.2, 2.2, 3.3]
[100.0, 14.4, 3.3, 6.8]
[100.0, 9.8, 3.3, 8.0]
[100.0, 10.6, 3.3, 6.7]
[100.0, 8.7, 4.3, 7.9]
[27.6, 5.1, 0.0, 1.0]
[2.0, 1.0, 2.0, 1.0]
[94.1, 8.9, 8.3, 9.9]
[100.0, 8.9, 3.3, 9.8]
[100.0, 8.7, 3.2, 5.6]
[100.0, 10.8, 2.2, 4.5]
[100.0, 16.3, 4.3, 4.6]
[8.8, 1.0, 3.0, 1.0]
[16.0, 2.0, 1.0, 2.1]
[100.0, 12.9, 8.0, 10.2]
[100.0, 7.2, 4.7, 5.9]
[100.0, 12.7, 2.4, 5.9]
[100.0, 12.9, 9.0, 7.1]
[86.9, 9.0, 3.4, 5.7]