Starting measuring cpu utilization percentages
Each number represents the percentage of cpu used per cpu.
[0.0, 0.0, 0.0, 0.0]
[100.0, 8.8, 2.3, 5.3]
[53.1, 8.3, 3.2, 3.2]
[1.0, 2.0, 0.0, 2.0]
[69.0, 5.4, 2.2, 6.5]
[100.0, 9.7, 2.3, 3.6]
[100.0, 5.7, 3.4, 6.9]
[100.0, 12.5, 5.6, 3.5]
[100.0, 13.8, 9.9, 11.2]
[37.1, 4.2, 1.1, 2.1]
[0.0, 0.0, 1.0, 1.0]
[87.9, 9.4, 2.2, 4.4]
[100.0, 17.0, 6.8, 11.8]
[100.0, 9.6, 8.7, 6.7]
[100.0, 14.0, 4.5, 4.5]
[100.0, 11.3, 4.5, 5.6]
[14.1, 3.9, 1.0, 0.0]
[8.1, 2.0, 1.0, 1.0]
[100.0, 10.1, 6.5, 10.9]
[100.0, 9.9, 4.3, 3.4]
[100.0, 7.9, 3.3, 7.6]
[100.0, 7.8, 1.1, 3.4]
[93.2, 12.9, 5.4, 7.7]
[0.0, 1.0, 1.0, 0.0]
[28.9, 7.1, 0.0, 1.0]
[100.0, 10.2, 1.1, 3.4]
[100.0, 12.4, 5.4, 5.6]
[100.0, 12.2, 3.3, 2.3]
[100.0, 21.3, 12.8, 12.1]
[75.8, 13.5, 5.3, 4.3]
[1.0, 0.0, 0.0, 1.0]
[49.0, 4.2, 2.1, 2.1]
[100.0, 11.0, 4.5, 7.7]
[100.0, 10.6, 1.2, 5.5]
[100.0, 10.8, 6.7, 6.5]
[100.0, 5.6, 3.4, 3.3]
[54.5, 6.1, 3.2, 0.0]
[0.0, 0.0, 0.0, 0.0]
[68.4, 11.6, 4.4, 10.4]
[100.0, 12.8, 2.2, 8.8]
[100.0, 10.8, 5.4, 5.6]
[100.0, 10.8, 0.0, 2.3]
[100.0, 10.0, 6.7, 6.8]
[33.7, 6.1, 2.1, 2.1]
[1.0, 1.0, 2.0, 1.0]
[88.1, 4.5, 1.1, 2.2]
[100.0, 9.8, 5.6, 2.3]
[100.0, 4.5, 5.6, 2.2]
[100.0, 12.9, 4.6, 7.8]
[100.0, 8.7, 2.3, 3.4]