ubuntu@client-measure-gzb1:~/memcache-perf-dynamic$ ./mcperf -s 10.156.15.206 -a 10.156.15.205 --noload -T 16 -C 4 -D 4 -Q 1000 -c 4 -t 1800 --qps_interval 10 --qps_min 5000 --qps_max 100000
Random waveform, random seed
Total number of intervals = 180 (43932, 43623, 73054, 44286, 5259, 94419, 92351, 9177, 8942, 48040, 28517, 46572, 56940, 60508, 78399, 90882, 19490, 48113, 19791, 70043, 75178, 17027, 78035, 59568, 56655, 25360, 91196, 71342, 49426, 37329, 40967, 88114, 63933, 70427, 67102, 46070, 66909, 28301, 29563, 44040, 65045, 57820, 42878, 97069, 73920, 61867, 27591, 59742, 46096, 25502, 10505, 90839, 63800, 26969, 54154, 75004, 29519, 77727, 99771, 83743, 29494, 34472, 88177, 67122, 87955, 52813, 65459, 72106, 61280, 50243, 82484, 64777, 99294, 36022, 10125, 70040, 19494, 17360, 74408, 81701, 11891, 18479, 70451, 84879, 31648, 29190, 54829, 30017, 80488, 57133, 86549, 67239, 62299, 73441, 88323, 55250, 70545, 48776, 38150, 66712, 46882, 40673, 90044, 93469, 83353, 38346, 25960, 17363, 28919, 58805, 62854, 95009, 35696, 45643, 25588, 28793, 30522, 17990, 15966, 12795, 99586, 98562, 88671, 14954, 11676, 23016, 29243, 82864, 83607, 31445, 37337, 80420, 41028, 76552, 26531, 13008, 71294, 92192, 11410, 18756, 68280, 85441, 71143, 22680, 79306, 43643, 43318, 87227, 68654, 6744, 58676, 73085, 77222, 64012, 79515, 29783, 40666, 65531, 56981, 83402, 93239, 25415, 64903, 33516, 85920, 52948, 44078, 23922, 46817, 85466, 17293, 85319, 17128, 58529, 69184, 77573, 77541, 22592, 29605, 96651)
Average QPS expected = 54385
Timestamp start: 1621277880388
Timestamp end: 1621279680788

#type       avg     std     min      p5     p10     p50     p67     p75     p80     p85     p90     p95     p99    p999   p9999      QPS   target
read      482.5   561.3    68.9   115.6   133.5   298.4   400.0   490.5   589.8   983.2  1320.4  1583.7  1979.0  4796.8 13485.4  43834.4    43932
read      729.7  1656.4    68.9   113.3   132.3   329.5   466.1   598.4  1039.2  1461.3  1691.4  2146.5  5798.4 31017.3 37990.4  43643.5    43623
read      848.3  1384.2    68.9   221.8   287.9   546.2   792.7   947.9  1101.4  1341.7  1663.3  2156.5  3946.1 30237.6 36578.9  73090.8    73054
read      474.7   576.5    68.9   111.5   128.4   295.8   399.1   474.1   546.7   687.2  1380.7  1674.2  2065.3  4024.9 15324.1  44270.2    44286
read      389.2  1063.7    74.4   146.2   188.8   301.4   350.7   380.0   400.4   425.8   458.7   517.4  2121.1 11800.4 32283.7   5294.2     5259
read      411.7   462.5    68.9   126.0   151.2   328.1   410.3   467.0   511.7   569.7   651.3   852.3  1981.6  3942.2 12713.5  94325.7    94419
read      379.5   429.3    68.9   125.5   149.2   315.3   399.0   452.3   492.9   542.5   609.1   725.7  1770.4  4239.3 12901.1  92338.8    92351
read      409.9   549.4    80.4   132.3   160.5   349.3   441.0   493.7   529.7   570.8   622.1   703.9  1374.6  6059.2 29265.0   9191.8     9177
read      418.2   628.3    80.4   134.7   163.7   356.3   450.2   501.6   537.5   578.1   629.6   716.4  1225.0  7498.4 36520.4   9015.4     8942
read      480.2   607.7    68.9   112.0   129.4   294.1   400.0   478.1   550.3   684.6  1386.8  1738.4  2168.2  4674.4 18546.9  47982.7    48040
read      491.1   621.7    68.9   113.8   132.2   319.4   473.4   638.5   824.5   970.9  1087.0  1234.1  1599.8  6972.5 21094.9  28538.5    28517
read      499.3   728.0    68.9   111.3   128.6   297.3   404.7   483.0   558.7   700.3  1455.6  1772.1  2264.7  6849.5 25251.3  46560.9    46572
read      491.1   688.0    68.9   117.0   137.8   315.6   426.8   502.1   567.8   671.5   993.2  1784.4  2507.5  6904.2 25026.4  56900.1    56940
read      464.6   597.4    68.9   120.5   142.2   323.0   429.4   499.0   557.8   643.4   812.0  1535.0  2371.6  5520.2 18725.3  60692.2    60508
read      436.0   636.5    68.9   127.6   152.4   341.5   435.0   492.8   538.1   597.1   686.0   869.5  2443.1  7157.0 30694.7  78399.1    78399
read      443.1   614.4    68.9   137.6   167.0   363.0   456.2   512.3   556.7   616.0   703.6   877.5  1960.7  6920.6 30521.8  90999.7    90882
read      525.2   976.9    74.4   123.4   145.9   364.9   538.5   672.9   752.8   831.3   923.4  1078.9  2316.2 13760.7 32431.0  19547.6    19490
read      518.5   866.7    68.9   111.6   129.4   302.4   412.6   497.5   577.1   731.3  1456.0  1798.7  2364.5 10479.0 31077.7  48015.9    48113
read      512.1   861.1    68.9   120.1   142.4   360.1   535.6   686.9   773.1   854.7   942.8  1086.3  1807.9 10752.0 36170.6  19823.1    19791
read      447.3   632.1    68.9   125.0   148.8   337.2   435.2   497.5   546.7   614.4   721.6  1070.5  2428.5  6783.6 30725.2  70030.5    70043
read      434.3   631.7    68.9   124.9   148.7   338.0   433.5   491.9   537.7   596.9   686.7   867.9  2499.9  6980.2 30656.7  75060.6    75178
read      486.9   783.6    74.4   123.4   145.7   366.2   520.5   636.5   704.9   771.0   849.1   989.4  1755.1  8111.2 32199.4  17045.0    17027
read      449.2   585.5    68.9   126.1   151.6   341.9   435.2   497.5   546.7   611.5   710.4  1133.1  2457.2  5822.6 26881.0  77943.0    78035
read      470.5   663.8    68.9   119.4   140.9   321.7   427.5   495.9   554.6   642.7   817.4  1561.7  2449.3  6244.4 28752.3  59606.6    59568
read      489.1   805.8    68.9   114.1   132.7   297.3   399.9   471.8   533.8   630.4  1130.7  1855.4  2489.5  7894.6 31037.9  56654.6    56655
read      536.1  1020.8    74.4   120.1   140.7   340.4   507.6   676.1   811.2   923.4  1053.6  1183.8  1985.8 13267.7 35229.0  25377.9    25360
read      436.5   548.1    68.9   132.3   161.4   353.7   443.0   499.2   543.6   602.1   688.5   871.1  1979.1  6419.2 21409.7  91311.5    91196
read      414.3   549.1    68.9   122.6   145.0   330.0   424.9   481.3   524.5   579.6   661.9   811.1  2231.3  5508.6 20360.0  71447.2    71342
read      479.9   619.4    68.9   110.8   128.4   294.8   401.4   478.7   549.6   682.3  1345.7  1739.4  2182.3  5331.8 16777.5  49492.4    49426
read      512.0   713.4    68.9   116.3   136.2   318.7   447.1   572.1   744.6  1055.3  1240.0  1446.3  1881.5  9227.9 31060.5  37366.5    37329
read      513.1   709.4    68.9   116.3   136.0   319.4   444.4   559.6   696.1  1029.0  1278.2  1522.6  1986.4  9405.7 30280.2  40874.8    40967
read      445.0   634.0    68.9   131.2   158.8   351.9   443.1   500.8   545.1   603.1   689.0   889.1  2255.2  7513.3 30296.8  88114.0    88114
read      446.6   664.6    68.9   122.9   144.8   331.5   434.7   496.5   543.7   608.5   709.4  1086.0  2363.9  7244.2 30313.4  63964.6    63933
read      424.4   634.6    68.9   122.7   145.2   331.3   427.6   484.5   528.9   585.9   671.0   834.1  2377.1  6626.2 30542.7  70366.5    70427
read      431.2   586.8    68.9   121.9   144.4   328.9   427.2   487.2   533.9   594.0   687.8   928.2  2378.6  5661.9 25783.7  67073.4    67102
read      512.5   893.5    68.9   112.2   130.4   304.4   412.4   494.9   575.0   743.6  1395.9  1720.4  2189.4 10988.4 31482.4  46027.0    46070
read      435.9   659.3    68.9   121.0   143.8   331.5   428.0   486.3   531.9   591.1   683.4   894.7  2427.4  7213.4 30519.5  66933.1    66909
read      502.4   689.3    68.9   118.5   139.1   333.0   498.2   663.5   815.3   950.9  1076.3  1211.9  1654.9  8260.4 30921.4  28281.0    28301
read      507.4   604.5    68.9   119.9   140.4   336.7   503.9   675.5   835.7   983.5  1108.2  1254.9  1682.0  6932.1 21662.2  29463.1    29563
read      459.5   515.7    68.9   111.5   128.3   287.6   385.3   457.7   527.4   681.4  1339.9  1588.9  1964.4  3883.7 10175.7  44136.3    44040
read      427.3   526.0    68.9   116.8   136.3   300.6   397.5   457.8   504.9   570.2   684.9  1525.8  2351.7  3981.0 13108.9  64945.0    65045
read      459.0   687.6    68.9   113.6   131.4   287.4   386.8   453.3   508.1   590.9   866.2  1754.5  2382.6  6251.2 25874.1  57839.2    57820
read      497.3   629.3    68.9   115.4   134.0   309.8   426.4   523.7   629.3   951.4  1305.7  1578.9  2013.8  6114.3 19503.7  42920.8    42878
read      428.2   478.6    68.9   133.7   162.5   350.2   441.0   496.8   538.5   591.6   675.2   871.8  1895.5  5119.4 14752.3  97043.7    97069
read      436.3   702.7    68.9   125.0   147.9   334.0   429.0   486.2   531.5   589.9   678.1   859.9  2468.2  8838.5 31004.4  73882.2    73920
read      448.8   602.5    68.9   120.1   140.9   319.0   421.5   485.6   539.4   617.5   746.2  1426.3  2294.2  5793.1 23107.7  61705.9    61867
read      504.2   796.1    68.9   116.8   136.6   329.8   499.2   664.1   809.1   944.3  1057.6  1196.5  1632.0 10072.2 31624.6  27671.2    27591
read      482.7   728.5    68.9   119.9   141.4   316.2   422.8   494.0   555.8   653.1   906.1  1669.4  2463.7  7696.6 29418.6  59746.1    59742
read      504.0   921.0    68.9   110.4   126.8   294.9   399.4   474.8   546.6   682.2  1435.8  1727.4  2171.4 10974.1 32226.8  46049.8    46096
read      517.2   873.4    68.9   118.7   139.4   337.0   514.3   683.2   806.4   910.8  1020.2  1166.1  2034.2 10712.0 32141.3  25536.3    25502
read      623.1  1950.6    74.4   127.8   152.9   358.9   469.6   533.3   575.5   623.3   682.7   812.2  7851.6 31656.4 37563.7  10507.8    10505
read      452.0   699.8    68.9   131.6   160.3   352.2   442.7   500.7   544.8   602.8   689.2   911.4  2377.3  8473.9 31211.2  90769.1    90839
read      476.5   773.9    68.9   122.3   144.8   328.7   431.5   498.5   552.3   631.2   770.3  1501.4  2555.6  8649.3 31392.4  63811.7    63800
read      534.9   959.5    68.9   120.2   141.0   341.6   516.4   681.2   817.4   936.4  1059.1  1207.6  2284.4 11754.6 32394.2  26938.8    26969
read      495.0   862.6    68.9   115.6   133.5   295.8   401.1   474.2   538.8   639.2  1282.8  1831.6  2420.5 10448.9 31352.9  54281.8    54154
read      449.9   661.6    68.9   127.8   150.9   336.5   431.3   493.5   541.9   604.2   700.7  1010.3  2613.2  6850.1 30351.5  74815.1    75004
read      545.4  1007.9    68.9   122.4   141.7   335.8   510.0   675.0   829.2   974.4  1098.4  1274.4  2624.6 13559.7 37144.7  29507.2    29519
read      461.5   643.3    68.9   128.7   153.0   340.6   437.4   502.5   553.7   622.5   733.1  1361.9  2500.0  6495.6 30240.5  77772.0    77727
read      427.3   640.8    68.9   135.1   164.5   357.9   446.9   498.4   538.3   591.2   672.9   823.1  1388.3  8033.7 31141.9  99704.5    99771
read      418.1   664.3    68.9   124.3   147.3   328.4   417.7   473.0   517.5   574.5   653.9   806.1  2394.3  7071.6 31187.3  83840.7    83743
read      505.1   674.4    68.9   119.5   139.4   333.5   495.6   648.9   810.2   959.5  1100.8  1246.6  1702.0  8199.6 30424.8  29528.5    29494
read      491.8   556.4    68.9   118.8   138.2   320.3   463.9   614.5   803.4   989.7  1143.2  1293.2  1687.1  5763.5 18144.8  34554.6    34472
read      450.9   619.4    68.9   134.7   161.6   345.4   436.9   497.8   546.1   609.4   699.9  1018.9  2366.4  6561.2 29620.5  88098.3    88177
read      455.8   665.1    74.4   127.3   149.8   326.0   424.5   486.4   537.0   608.4   722.1  1355.5  2524.2  6799.9 30271.7  67204.3    67122
read      479.5   650.2    68.9   138.3   167.3   355.1   450.1   514.8   568.5   638.5   756.6  1442.4  2483.6  7434.8 30019.6  87898.0    87955
read      480.6   674.8    68.9   116.3   135.4   295.5   399.4   472.1   537.5   642.5  1292.4  1771.1  2306.8  6280.2 23227.2  52767.0    52813
read      460.1   615.2    68.9   127.6   150.2   327.3   430.2   496.2   548.9   627.0   764.4  1454.0  2380.0  5703.1 21477.8  65411.9    65459
read      427.3   632.9    68.9   127.0   149.5   328.4   423.2   479.7   524.1   583.0   667.3   853.4  2403.7  7046.8 30791.8  72214.0    72106
read      465.4   632.6    68.9   126.3   147.7   324.1   429.8   497.6   557.3   643.5   805.5  1515.0  2328.5  6016.6 27750.3  61259.5    61280
read      511.5   921.5    68.9   114.7   133.4   296.8   402.5   478.8   548.5   673.9  1438.9  1810.1  2364.9 11428.2 31410.4  50115.8    50243
read      445.3   662.1    68.9   132.1   157.6   341.2   432.1   491.1   538.4   598.9   687.8   932.2  2507.1  7121.5 30733.9  82504.5    82484
read      456.9   705.6    68.9   124.3   146.2   321.0   422.7   486.9   538.1   610.8   734.2  1402.1  2475.3  7556.4 30648.6  64799.3    64777
read      424.6   571.3    68.9   138.7   167.5   356.4   443.2   494.5   534.7   587.8   665.7   807.2  1617.0  7425.7 27784.9  99481.2    99294
read      498.2   670.1    68.9   121.9   142.2   319.8   452.4   588.3   754.5   981.9  1156.8  1329.8  1751.0  8126.7 30271.8  35982.6    36022
read      725.6  2104.2    74.4   142.9   175.8   396.8   527.4   608.9   671.1   772.1   984.5  1399.1  8120.2 32290.8 47513.0  10233.7    10125
read      796.6   952.0    68.9   175.2   237.0   600.0   855.8   989.5  1094.0  1256.4  1544.3  1963.3  3089.2  8846.8 35126.3  69997.3    70040
read      556.9  1254.7    74.4   126.6   148.5   357.5   530.0   666.4   746.2   819.3   908.1  1056.8  3766.6 15871.9 37020.8  19493.2    19494
read      569.3  1417.5    74.4   125.8   148.4   359.9   527.0   645.8   714.6   783.7   864.5  1011.5  4413.9 28500.6 36943.9  17356.8    17360
read      465.1   672.5    68.9   133.3   158.4   343.1   438.8   502.6   553.4   621.6   726.7  1326.4  2583.6  7287.9 30315.8  74416.8    74408
read      428.2   676.4    68.9   130.9   155.5   335.7   425.4   479.8   523.8   579.6   661.0   823.8  2495.7  7230.9 31074.4  81558.0    81701
read      578.4  1681.9    74.4   131.7   156.5   364.3   480.9   554.2   601.8   654.2   726.2   868.8  5759.0 31047.6 41016.0  11945.3    11891
read      567.0  1439.2    68.9   127.1   149.1   359.9   523.5   644.6   716.9   786.8   865.8  1007.6  4601.3 29896.6 37635.2  18464.4    18479
read      465.5   688.6    68.9   127.4   150.7   331.3   427.9   491.3   543.5   617.3   738.3  1395.5  2649.4  6900.0 30619.8  70428.1    70451
read      414.6   689.7    68.9   126.8   150.4   325.6   411.8   465.8   507.9   563.3   637.2   778.7  2430.1  7983.6 31403.2  84927.8    84879
read      523.4   924.4    68.9   120.2   140.7   327.9   479.2   626.9   803.4   975.6  1115.0  1280.8  1897.8 12794.3 32360.8  31663.8    31648
read      487.9   609.0    74.4   119.7   140.2   322.4   480.3   647.6   805.3   935.0  1050.5  1200.5  1588.4  7797.1 20099.4  29088.5    29190
read      480.6   675.2    68.9   115.2   134.1   290.6   394.0   468.2   532.6   636.8  1305.1  1802.6  2314.0  6806.9 21143.6  54653.8    54829
read      488.0   555.6    68.9   119.5   139.4   322.5   474.9   630.8   799.7   954.4  1081.0  1238.8  1589.8  6505.4 13788.7  29897.5    30017
read      451.5   712.3    68.9   129.9   154.6   337.5   430.1   490.7   540.0   603.7   697.9  1029.1  2496.0  8495.0 31159.2  80561.3    80488
read      486.2   668.2    68.9   119.6   139.7   304.7   411.4   488.8   559.9   678.4  1173.0  1736.3  2365.3  6317.9 20854.3  57031.9    57133
read      456.0   703.6    68.9   134.1   160.6   346.5   437.0   496.2   543.8   606.4   697.5   950.3  2620.6  8257.0 30932.4  86537.2    86549
read      440.0   618.8    68.9   123.1   145.1   320.0   417.1   478.6   527.3   591.4   696.1  1246.3  2379.7  6506.9 25798.7  67136.7    67239
read      484.9   764.9    68.9   120.4   142.2   322.5   428.3   498.3   559.2   649.3   853.8  1632.8  2483.9  8370.1 30885.5  62252.6    62299
read      428.7   698.2    68.9   122.9   145.3   327.9   420.0   476.3   522.1   579.7   661.0   835.3  2574.3  7792.2 31436.3  73450.2    73441
read      417.6   648.1    68.9   127.5   152.2   336.6   423.9   476.7   519.4   574.9   649.0   790.7  2155.3  7214.0 30476.9  88138.3    88323
read      472.8   639.4    68.9   112.1   130.0   289.1   392.6   465.0   529.6   635.0  1263.5  1793.0  2296.1  5612.7 17080.0  55179.3    55250
read      424.4   633.9    68.9   122.1   143.9   326.2   420.5   477.6   523.6   582.5   666.7   852.9  2349.6  7141.8 30055.3  70401.8    70545
read      470.7   576.9    68.9   111.9   129.1   292.5   395.8   470.7   541.1   662.0  1341.5  1706.5  2130.8  4553.8 13449.1  48742.9    48776
read      499.9   663.1    68.9   116.2   135.4   312.7   434.3   547.7   694.8  1028.3  1241.7  1437.3  1857.1  8634.4 20684.5  38194.4    38150
read      434.9   645.7    68.9   124.1   146.0   328.6   425.8   484.8   532.4   593.3   684.6   936.8  2441.9  6684.4 30050.8  66719.4    66712
read      480.9   625.6    68.9   114.1   132.1   298.5   404.1   487.2   572.6   785.9  1306.6  1605.2  2037.8  5728.3 14990.0  46883.0    46882
read     1321.8  2311.1    68.9   132.3   165.1   731.5  1439.7  1785.1  2104.2  2427.6  2775.0  3488.8  6501.7 32168.6 40654.7  40691.8    40673
read      520.4   907.3    74.4   164.9   217.6   416.0   515.3   580.7   630.1   690.7   792.0  1012.0  2055.5  9687.4 35497.7  90066.3    90044
read      404.3   533.7    68.9   128.0   153.5   332.0   416.0   468.2   509.3   563.7   634.1   763.1  2008.9  5699.9 24871.2  93450.2    93469
read      427.3   650.1    68.9   126.6   151.0   337.1   426.5   482.2   527.1   584.7   666.7   827.2  2452.5  7183.8 30877.9  83351.0    83353
read      510.5   761.3    74.4   118.0   138.3   320.9   450.8   574.4   723.2  1018.9  1229.7  1418.5  1893.2  7479.7 29686.5  38186.5    38346
read      503.3   729.0    74.4   119.4   140.0   337.9   509.6   676.8   795.2   901.4  1014.3  1170.0  1787.3  8736.4 31551.7  25898.7    25960
read      536.5  1207.8    74.4   124.9   147.2   360.2   516.2   632.7   702.2   767.2   841.4   974.3  3911.7 15634.7 36479.9  17401.9    17363
read      513.1   760.9    74.4   118.2   138.5   334.8   501.9   669.1   813.5   944.3  1070.6  1243.2  1753.7 10596.4 31149.4  28832.2    28919
read      492.1   844.3    68.9   115.8   135.7   305.5   409.3   480.9   542.8   635.2   982.7  1814.9  2532.9  8404.0 31495.4  58871.7    58805
read      469.3   693.3    68.9   124.8   147.4   334.1   436.8   503.6   557.3   632.0   757.5  1423.5  2529.4  7207.0 30782.5  62869.4    62854
read      427.2   661.3    68.9   135.0   163.4   351.0   437.2   490.1   532.9   589.2   670.2   809.9  1875.5  7377.3 31162.1  94799.4    95009
read      502.0   594.1    74.4   119.5   139.4   327.4   472.7   613.0   786.9  1003.1  1179.3  1345.9  1752.8  5940.4 20796.7  35531.9    35696
read      486.4   597.1    68.9   113.6   132.0   303.4   412.3   497.9   585.0   826.7  1325.7  1618.5  2042.7  5032.7 16802.9  45726.1    45643
read      524.0   945.6    74.4   119.4   140.5   342.4   521.9   691.2   806.2   911.4  1029.7  1187.5  1937.8 11933.6 34095.3  25584.8    25588
read      493.2   691.8    68.9   116.1   136.0   325.6   483.0   640.9   803.8   942.9  1064.3  1222.2  1593.5  7479.5 31049.4  28935.3    28793
read      521.2   852.3    68.9   117.8   137.8   331.2   497.9   666.1   826.5   970.2  1097.1  1268.6  1863.3 10751.4 32344.6  30504.6    30522
read      550.6  1314.5    74.4   124.6   147.5   363.3   528.6   646.3   717.5   786.8   868.0  1020.7  3288.7 20023.1 36626.8  18047.2    17990
read      543.3  1341.6    74.4   121.7   144.3   359.7   512.1   613.7   674.8   737.4   809.5   936.9  3861.7 24750.3 36627.9  15967.6    15966
read      639.7  1956.8    74.4   128.2   152.3   363.2   490.4   570.2   621.0   677.9   746.4   902.2  7903.3 31909.9 42693.0  12797.4    12795
read      454.5   564.6    68.9   142.1   176.4   370.1   458.8   515.9   562.5   624.2   715.1   918.1  1959.0  5632.4 29401.7  99517.6    99586
read      406.0   552.7    68.9   132.4   159.8   340.6   422.9   473.3   514.6   568.2   640.0   769.0  1633.6  6146.0 27938.3  98442.8    98562
read      420.3   632.4    68.9   128.8   154.6   340.0   428.7   483.2   526.2   580.5   655.0   793.5  2163.2  7327.5 30810.9  88827.1    88671
read      531.7  1328.6    74.4   123.8   146.7   359.8   496.0   591.2   653.5   718.2   794.0   917.4  3872.8 26417.3 37536.6  14968.2    14954
read      539.7  1579.5    74.4   128.9   154.5   357.1   472.7   545.6   589.8   639.5   704.6   806.9  4773.6 31000.5 38601.9  11710.1    11676
read      522.6  1009.1    68.9   118.7   139.6   341.9   515.2   673.4   777.7   869.8   971.0  1113.8  2084.9 13422.7 36469.6  23004.0    23016
read      501.3   709.7    74.4   117.0   136.5   328.8   486.9   650.2   818.6   960.4  1087.5  1248.5  1652.8  8657.9 30860.2  29174.5    29243
read      463.4   735.4    68.9   130.1   156.5   344.7   435.9   498.8   548.8   612.3   707.0  1080.6  2673.3  7988.0 31532.5  82807.0    82864
read      423.6   649.1    68.9   128.7   152.8   337.2   426.2   481.3   525.6   581.8   659.1   803.7  2298.6  7372.6 30611.2  83465.6    83607
read      529.0   927.6    68.9   118.7   139.0   330.9   479.0   623.0   807.3   986.9  1135.6  1302.6  2029.1 13424.3 32222.3  31520.2    31445
read      523.7   809.6    68.9   118.3   138.3   320.8   454.6   587.8   776.5  1045.8  1231.1  1424.3  2012.0 10430.5 31094.6  37449.7    37337
read      451.4   639.8    68.9   126.8   152.1   339.3   429.0   489.9   539.3   605.5   702.5  1138.0  2488.5  7450.1 28646.5  80558.0    80420
read      508.5   822.7    68.9   116.9   136.5   312.7   426.4   519.3   620.6   944.8  1292.2  1530.3  2017.1 11025.8 31485.8  40948.2    41028
read      452.4   691.0    68.9   124.9   148.7   334.6   426.8   488.0   538.1   603.5   700.9  1170.3  2585.5  7797.3 30782.3  76612.8    76552
read      513.4   842.6    68.9   119.3   140.1   335.7   496.1   654.2   793.1   911.0  1039.3  1191.4  1972.7 10411.3 31841.2  26593.0    26531
read      565.2  1528.3    74.4   128.9   153.1   362.4   492.1   574.1   629.9   684.9   755.1   881.8  5839.4 30364.4 37682.6  12985.8    13008
read      464.9   765.3    68.9   123.6   147.1   335.2   430.3   492.9   542.5   611.1   719.5  1360.5  2647.5  8594.8 31505.1  71262.6    71294
read      414.3   619.9    68.9   128.3   154.3   336.5   419.7   471.3   513.8   570.0   645.9   782.2  2121.6  7171.6 30548.4  92249.1    92192
read      471.0  1147.7    74.4   126.6   150.8   348.0   458.0   523.3   566.1   615.4   676.6   777.8  2822.3 17604.6 35694.7  11369.7    11410
read      439.6   431.6    74.4   126.0   147.6   346.7   498.0   618.0   691.8   758.8   832.7   929.0  1125.8  5058.6 13816.8  18768.4    18756
read      481.5   675.1    68.9   123.3   146.9   329.6   432.3   503.4   563.9   652.9   852.3  1577.6  2533.7  6838.0 29891.1  68305.0    68280
read      417.1   612.3    68.9   125.9   150.4   334.8   421.6   474.7   518.6   574.3   651.4   795.2  2376.8  6631.2 30142.1  85336.5    85441
read      450.7   660.8    68.9   124.2   147.2   330.3   426.4   488.1   537.7   603.4   710.6  1245.4  2581.1  6480.2 30682.4  71104.9    71143
read      472.6   556.5    68.9   126.0   147.8   344.9   505.5   646.9   747.7   837.1   927.7  1066.1  1419.6  6144.4 28136.5  22756.1    22680
read      435.6   629.3    68.9   124.5   148.4   332.0   422.0   478.5   524.9   585.6   679.1   923.4  2597.7  6528.3 30224.3  79232.4    79306
read      478.8   729.9    68.9   113.3   131.1   291.5   392.6   469.6   546.6   780.1  1313.6  1568.5  1985.4  9003.1 29698.0  43617.2    43643
read      487.9   842.1    68.9   110.4   126.9   288.0   386.9   461.0   534.5   701.9  1392.6  1644.5  2025.5 10631.6 31489.9  43314.8    43318
read      441.3   674.0    68.9   127.7   153.9   339.9   426.6   483.3   529.8   589.6   678.1   889.2  2552.3  7872.6 30697.5  87284.1    87227
read      460.2   699.1    68.9   121.7   144.7   323.7   422.3   488.1   542.6   617.2   746.4  1409.7  2532.9  7096.6 30458.6  68726.4    68654
read      482.1  1529.5    74.4   140.0   178.6   320.5   384.1   420.4   446.2   476.4   520.0   616.3  4253.7 30545.3 36360.6   6728.4     6744
read      470.7   827.5    63.8   112.1   129.5   286.9   388.9   460.6   526.5   638.4  1054.2  1638.4  2301.5 12551.9 30141.2  58586.9    58676
read      406.1   712.6    68.9   114.1   131.9   294.7   383.5   436.6   479.0   535.6   618.4   854.0  2417.9 10164.4 28267.2  73111.8    73085
read      408.3   776.0    68.9   114.3   132.5   299.6   386.6   438.3   480.4   534.5   614.1   788.1  2583.0 12377.5 30469.6  77138.4    77222
read      473.3   776.6    68.9   117.4   138.0   307.7   409.9   478.7   539.0   629.9   863.3  1597.8  2460.4  8532.4 30918.3  63995.3    64012
read      437.8   665.6    68.9   124.8   148.6   332.9   423.3   481.5   528.9   588.7   676.2   906.7  2560.0  7005.0 30560.5  79611.6    79515
read      482.8   619.9    68.9   118.6   138.3   327.5   476.4   615.9   767.1   913.2  1053.3  1208.9  1570.6  7985.4 21979.0  29763.2    29783
read      484.0   639.4    68.9   115.3   134.0   304.3   416.3   509.4   615.4   971.7  1285.1  1481.1  1877.0  5547.3 24663.6  40604.0    40666
read      451.8   610.1    68.9   119.9   141.2   312.2   411.9   475.6   529.9   605.9   751.4  1506.7  2425.7  6367.2 18743.7  65499.2    65531
read      458.8   572.6    68.9   111.7   128.9   280.1   375.3   441.3   497.9   584.3  1284.1  1849.0  2331.0  4036.8 10910.3  56993.3    56981
read      447.3   668.5    68.9   127.7   153.2   340.2   429.4   487.7   536.1   599.6   691.6   952.1  2494.0  7909.4 30733.0  83453.3    83402
read      365.8   343.0    68.9   126.2   148.6   307.9   390.7   440.8   479.8   528.4   592.9   708.4  1588.8  3564.0  9646.9  93141.3    93239
read      436.2   350.7    68.9   128.7   150.9   336.3   476.6   587.6   686.7   784.8   882.2  1014.0  1268.7  2033.5 10400.7  25559.7    25415
read      931.2  1429.5    68.9   129.2   158.1   463.0  1009.2  1423.9  1639.2  1868.4  2163.6  2662.8  3818.8 28517.9 36837.0  64810.8    64903
read     1996.6  2625.6    74.4   301.2   419.0  1732.9  2185.0  2428.1  2607.6  2818.9  3099.6  3649.3  6381.4 32488.1 42351.5  33473.2    33516
read     1289.7  1845.4    80.4   287.6   320.6   814.3  1437.1  1742.8  1963.4  2223.4  2557.3  3075.0  5309.6 31275.3 37569.3  85948.0    85920
read      610.2  1661.1    74.4   254.8   296.2   456.2   541.8   608.1   660.9   726.6   821.3   970.5  1729.2 31622.7 37820.4  52928.4    52948
read      412.3   477.2    68.9   118.4   137.4   291.6   377.9   435.8   487.9   560.8   744.8  1431.4  1834.4  2650.9 14547.6  44027.6    44078
read      442.5   374.2    68.9   118.5   137.0   318.0   449.3   560.6   756.6   883.5   996.1  1127.4  1348.0  2080.1  8949.9  23864.8    23922
read      453.8   512.3    68.9   117.9   136.6   285.1   380.3   449.9   515.4   626.2  1336.0  1617.5  1990.8  2681.0 12412.8  46938.0    46817
read      396.5   408.2    63.8   124.7   147.9   316.5   404.2   460.4   503.7   559.1   636.4   800.9  2248.2  3461.6 10759.2  85423.0    85466
read      426.6   330.3    74.4   139.3   162.9   370.7   489.0   568.6   626.0   687.0   758.4   861.3  1075.8  2788.4  9651.5  17335.4    17293
read      413.7   464.9    68.9   126.5   150.6   322.5   414.3   471.5   517.4   576.4   665.2   894.7  2002.9  3886.0 13614.8  85205.5    85319
read      430.5   306.5    74.4   139.6   163.5   370.8   492.6   577.0   637.7   699.7   771.8   868.1  1089.9  2523.3  9478.7  17168.4    17128
read      442.9   553.4    68.9   115.4   134.0   273.7   366.8   428.2   481.6   562.4  1114.1  1776.5  2255.2  2944.3 12767.7  58631.1    58529
read      418.7   478.7    63.8   121.7   143.0   299.8   396.4   458.0   506.1   573.3   689.8  1335.5  2264.6  3226.5 12688.2  69141.0    69184
read      390.6   386.5    68.9   124.5   147.0   314.9   405.7   462.7   506.3   561.8   638.3   801.4  2033.2  3183.0  9381.7  77590.3    77573
read      403.4   395.6    63.8   124.7   147.5   324.5   421.3   480.7   528.2   589.3   681.6   899.2  1852.2  3304.4 12050.5  77514.9    77541
read      443.7   382.9    74.4   132.7   155.7   354.3   493.4   598.4   686.9   773.6   865.2   995.2  1238.5  2859.0  9206.7  22631.6    22592
read      447.4   432.2    68.9   116.8   134.5   296.8   418.2   516.0   664.1   951.2  1097.5  1272.5  1493.0  2403.9 12538.7  29759.3    29605
read      411.9   433.9    68.9   129.8   155.8   329.7   416.4   470.0   513.6   571.3   657.9   860.3  1953.8  3625.8 12753.4  96584.0    96651

Total QPS = 54378.2 (97880840 / 1800.0s)

Total connections = 64
Misses = 0 (0.0%)
Skipped TXs = 0 (0.0%)

RX 24176567727 bytes :   12.8 MB/s
TX          0 bytes :    0.0 MB/s
Warning! Detected max cpu usage > 95%
CPU Usage Stats (avg/min/max): 99.95%,48.48%,100.00%

Queue1 : Dedup, FFT, Blackscholes
Queue2 : Canneal, Freqmine, Ferret