ubuntu@client-measure-7lrh:~/memcache-perf-dynamic$ ./mcperf -s 10.156.15.212 -a 10.156.15.209 --noload -T 16 -C 4 -D 4 -Q 1000 -c 4 -t 1800 --qps_interval 10 --qps_min 5000 --qps_max 100000
Random waveform, random seed
Total number of intervals = 180 (43849, 73140, 59466, 56292, 7733, 66380, 65953, 9830, 55663, 72284, 13155, 78329, 50354, 57928, 44228, 82393, 41990, 85372, 46582, 27150, 62946, 16270, 76415, 90729, 25634, 45251, 82101, 89251, 64017, 58527, 48042, 63753, 88777, 93100, 57762, 12524, 20282, 57237, 21519, 36642, 85400, 54272, 76163, 41628, 91655, 8528, 21794, 5517, 53229, 19430, 93077, 64038, 37958, 65275, 18654, 67366, 10713, 78709, 82046, 9946, 17542, 83461, 39095, 79447, 30170, 91442, 32581, 37955, 15710, 71810, 28758, 98455, 98013, 78405, 6036, 36458, 28576, 80599, 19405, 47767, 93253, 69494, 56381, 77977, 25344, 12722, 15735, 24822, 75313, 10237, 58120, 44995, 49144, 57479, 97969, 8514, 75847, 50090, 87774, 36410, 71719, 12700, 29144, 35245, 74881, 50576, 88397, 64238, 70860, 23426, 78345, 32780, 61518, 57976, 93228, 27836, 96390, 65178, 5947, 67548, 23830, 34731, 67773, 19891, 48577, 15098, 59261, 35046, 50396, 93163, 71672, 91175, 12942, 7867, 23941, 86010, 43028, 49998, 54507, 20101, 57861, 60734, 83402, 10196, 30013, 10068, 62462, 50441, 90611, 25717, 14108, 31738, 28902, 55097, 71180, 87386, 73876, 72730, 9836, 56654, 7460, 30325, 29300, 92817, 52675, 19738, 35663, 64959, 34167, 86409, 5312, 26082, 60627, 97112, 40677, 64812, 34043, 11894, 63971, 58717)
Average QPS expected = 50557
Timestamp start: 1621673885867
Timestamp end: 1621675686292

#type       avg     std     min      p5     p10     p50     p67     p75     p80     p85     p90     p95     p99    p999   p9999      QPS   target
read      606.2  1114.0    74.4   127.7   149.4   355.1   467.6   571.3   689.2  1115.3  1519.4  1828.4  2975.9 15763.2 32074.7  43868.1    43849
read      629.8   728.3    74.4   145.9   184.4   415.6   525.7   640.0   751.8   997.2  1606.6  1916.1  2783.9  6457.5 24592.9  73051.0    73140
read      527.1   663.5    68.9   130.4   155.2   355.3   456.0   529.5   598.5   716.2  1139.7  1809.0  2666.2  5837.1 18895.0  59352.3    59466
read      537.6   708.8    74.4   128.3   152.0   351.7   451.6   527.3   600.9   737.5  1315.7  1897.4  2615.7  6688.0 25011.1  56422.3    56292
read      621.4  1954.2    80.4   137.4   171.9   373.4   467.7   516.7   549.5   591.6   652.7   834.2  6231.4 31592.2 37378.8   7777.2     7733
read      618.0   752.2    68.9   139.8   174.0   391.8   503.0   617.1   730.4  1151.2  1587.3  1887.8  2840.5  7373.4 30138.6  66423.2    66380
read      634.0   691.6    74.4   143.2   178.8   402.4   527.3   651.3   779.1  1395.5  1643.4  1925.0  2727.3  4658.6 18552.2  66026.3    65953
read      615.4  1786.0    74.4   133.9   162.4   400.2   514.6   572.6   612.7   659.4   725.2   869.6  5863.8 31104.2 40030.7   9788.8     9830
read      547.2   649.0    68.9   129.8   154.3   359.0   464.0   546.3   630.9   816.4  1402.6  1878.7  2564.4  4921.0 17343.8  55628.0    55663
read      625.1   717.5    68.9   144.2   181.2   411.0   520.6   636.0   749.6  1041.9  1604.7  1900.3  2708.3  7331.3 22922.7  72221.7    72284
read      626.5  1709.5    74.4   132.0   158.0   421.4   562.2   642.9   698.4   759.1   840.2  1009.1  4783.1 31327.7 37055.9  13145.8    13155
read      481.4   562.2    68.9   135.7   163.3   369.3   457.6   518.2   573.6   651.7   774.3  1462.1  2521.2  5339.6 15387.0  78328.5    78329
read      570.0   753.2    74.4   128.2   151.0   359.2   468.5   559.0   653.9   931.5  1505.6  1927.5  2623.1  7649.4 26895.3  50478.8    50354
read      572.9   876.9    74.4   130.2   156.2   366.3   468.4   547.4   629.5   788.7  1423.5  1920.3  2783.8  9299.4 31276.9  57780.3    57928
read      556.1   812.7    74.4   119.8   140.1   348.1   451.5   535.0   613.2   815.4  1538.9  1888.2  2513.8  7791.1 30959.8  44273.5    44228
read      466.4   532.4    74.4   133.6   160.7   366.2   455.1   513.5   563.9   634.2   744.0  1171.4  2316.8  4816.6 15557.0  82285.0    82393
read      593.4   987.9    74.4   124.9   146.2   361.7   478.3   579.4   689.2  1125.5  1517.5  1824.9  2609.5 12886.6 32308.6  42013.1    41990
read      449.6   532.0    74.4   133.6   160.2   360.2   448.7   504.7   550.6   616.3   715.0   957.0  2192.0  4768.1 17241.3  85380.9    85372
read      564.3   884.9    74.4   122.2   143.1   352.3   454.1   533.6   608.6   771.0  1566.8  1956.5  2553.0  8782.9 31177.8  46621.0    46582
read      633.8  1165.1    74.4   129.4   152.8   396.5   579.7   754.9   945.0  1116.6  1271.5  1472.9  3266.3 15958.7 32425.7  27173.1    27150
read      620.7   844.3    74.4   141.9   174.7   397.1   514.6   615.9   717.4   960.5  1569.2  1936.8  2938.1  7965.1 30659.8  62859.3    62946
read      594.8  1077.4    74.4   133.7   161.0   448.4   611.4   723.8   795.1   872.7   979.5  1149.8  3314.4 13121.4 32215.8  16321.4    16270
read      579.6   664.0    74.4   145.2   179.5   408.1   513.6   602.2   687.4   821.7  1388.7  1796.2  2674.7  5870.8 20967.7  76409.8    76415
read      401.8   394.7    74.4   133.5   159.2   344.7   430.4   482.9   524.6   578.2   652.5   781.1  1406.6  4134.7 12458.1  90615.6    90729
read      605.5   990.1    74.4   126.5   150.0   401.2   585.1   752.0   928.6  1084.2  1229.9  1405.6  2536.3 12336.3 32277.7  25594.1    25634
read      579.6   972.6    74.4   121.1   141.5   354.5   457.2   540.5   623.3   898.4  1595.1  1943.0  2541.1 12475.5 31619.6  45285.0    45251
read      455.1   554.1    68.9   134.1   161.0   364.1   452.7   510.2   560.3   627.0   728.0   963.5  2195.0  4711.5 17070.0  82084.2    82101
read      404.5   429.4    74.4   132.6   157.8   342.7   429.5   482.8   525.0   578.9   652.2   778.3  1705.9  4309.1 12659.1  89270.0    89251
read      597.4   723.5    74.4   139.8   171.4   396.0   508.8   603.9   697.3   891.7  1514.8  1905.9  2841.6  5445.8 29246.1  64011.1    64017
read      557.8   796.4    74.4   131.4   157.3   371.9   476.9   556.8   632.0   768.7  1279.0  1834.2  2758.7  7903.1 31006.2  58546.1    58527
read      550.9   817.9    74.4   118.0   138.2   345.3   443.4   519.8   592.7   744.5  1568.9  1959.5  2505.6  8554.1 30544.9  48148.6    48042
read      595.7   748.2    74.4   136.6   167.4   392.0   499.2   589.1   680.8   870.6  1531.1  1924.1  2803.6  6538.6 29081.2  63805.3    63753
read      451.9   575.3    74.4   136.9   166.6   373.5   460.2   513.7   559.4   621.5   707.1   876.5  2197.6  5846.8 28050.4  88808.4    88777
read      427.5   495.3    68.9   137.2   166.2   364.8   450.7   502.7   544.4   599.7   678.5   814.1  1706.4  5089.6 17028.9  92919.8    93100
read      559.1   765.0    68.9   130.6   155.3   364.8   470.3   551.5   630.6   792.4  1362.8  1872.7  2745.9  7328.1 29547.8  57814.0    57762
read      588.8  1396.6    74.4   131.8   159.0   413.6   547.1   628.1   675.6   731.7   805.4   949.0  4775.8 23355.9 35289.5  12535.1    12524
read      587.6   995.3    74.4   129.0   155.0   420.7   605.7   753.8   855.1   954.5  1063.6  1216.5  2991.7 10918.4 32390.8  20210.0    20282
read      565.3   816.5    68.9   128.5   153.0   362.7   467.0   550.1   631.5   805.7  1411.5  1937.8  2727.1  7926.4 31146.7  57164.7    57237
read      569.1   847.5    74.4   127.7   153.3   408.5   591.4   745.4   863.7   976.4  1089.3  1247.2  2230.0 11599.6 31923.7  21475.5    21519
read      603.0   994.5    74.4   124.7   147.1   373.2   510.7   638.5   860.8  1199.7  1413.3  1645.2  2351.4 13026.9 32060.6  36672.0    36642
read      452.4   574.7    74.4   135.3   163.7   371.3   457.6   512.0   558.3   621.0   713.4   894.6  2156.2  5358.0 27759.1  85424.1    85400
read      578.0   887.2    74.4   123.7   147.1   360.7   461.9   545.3   631.1   849.0  1531.0  1975.6  2726.1  9646.6 31580.8  54151.2    54272
read      471.0   575.5    74.4   133.2   159.7   371.0   461.3   520.8   571.1   638.4   743.2  1091.3  2508.1  5007.9 23745.8  76181.3    76163
read      600.1  1012.5    74.4   126.3   148.1   367.8   487.7   602.4   747.7  1188.3  1481.4  1769.6  2446.7 13060.6 32022.1  41593.6    41628
read      462.7   605.5    74.4   143.1   175.1   385.6   471.2   526.9   572.7   634.2   730.4   905.5  2008.7  6944.3 29919.2  91667.8    91655
read      618.1  1820.8    80.4   138.2   171.7   388.3   484.5   541.5   584.7   639.2   707.7   901.9  6020.8 31543.3 40039.1   8456.8     8528
read      614.6  1238.8    68.9   125.3   150.7   410.3   598.1   772.3   893.4  1000.1  1117.7  1276.2  2988.6 19520.0 35597.2  21820.7    21794
read      688.8  2454.0    86.8   151.2   189.3   347.8   412.5   450.9   478.9   515.1   574.4   858.3  9510.7 32128.6 42625.3   5476.6     5517
read      602.8   999.2    74.4   127.5   152.2   371.2   479.8   573.6   672.8   968.5  1553.6  1940.2  2774.1 12082.3 32005.0  53196.5    53229
read      600.9  1080.8    74.4   128.0   154.2   446.8   621.2   757.0   848.0   941.8  1051.3  1207.6  2859.2 15646.8 35292.6  19348.5    19430
read      471.1   609.5    74.4   143.4   177.9   392.4   477.0   532.1   578.5   641.2   738.7   920.4  2055.3  6922.8 30374.6  92948.6    93077
read      647.9   829.5    74.4   141.3   177.3   409.2   531.3   646.5   777.6  1290.7  1636.4  1951.6  2907.5  8573.2 30751.3  63834.4    64038
read      583.3   890.8    68.9   120.4   141.3   366.1   486.6   590.7   712.3  1192.3  1477.3  1743.7  2353.0 12073.7 31596.0  37895.2    37958
read      647.3   852.0    68.9   141.3   177.3   410.1   534.3   644.3   756.5  1194.1  1632.8  1960.8  2958.1  8309.7 30841.1  65206.5    65275
read      626.0  1213.1    74.4   131.8   159.1   449.0   630.2   767.3   858.8   952.6  1061.9  1229.7  3306.8 17327.8 37135.1  18706.2    18654
read      658.5   830.7    68.9   143.1   181.7   413.6   534.9   660.5   790.0  1404.2  1663.2  1959.7  2923.7  7976.8 31181.9  67389.3    67366
read      673.8  1938.7    80.4   132.5   161.2   419.3   537.6   606.4   655.3   714.4   789.9  1010.0  6992.3 31491.9 37341.7  10770.5    10713
read      485.3   662.1    68.9   135.3   163.4   378.9   468.3   528.9   579.7   650.3   762.1  1119.8  2597.2  6097.7 30695.3  78526.4    78709
read      441.7   665.1    68.9   132.7   159.1   362.4   448.1   500.5   542.8   599.2   682.1   825.3  2485.2  7316.7 30940.5  82134.8    82046
read      671.0  2065.0    74.4   133.5   165.1   404.3   510.8   574.9   619.8   677.8   754.8   941.0  7548.7 32031.7 39800.1   9875.1     9946
read      646.7  1421.5    74.4   130.8   157.9   445.5   618.4   747.6   825.3   911.6  1015.1  1195.6  4610.7 29188.4 36741.4  17480.0    17542
read      450.6   612.1    74.4   133.2   160.5   364.2   451.3   505.8   550.7   612.6   703.0   878.8  2440.6  5984.7 28953.1  83459.5    83461
read      588.1   880.8    74.4   123.9   146.3   369.7   501.2   627.2   830.3  1187.4  1408.5  1647.3  2298.6 12811.4 31612.9  39022.3    39095
read      509.1   743.4    74.4   134.1   164.3   388.9   475.7   536.0   589.8   671.8   800.6  1471.8  2670.7  8465.1 31195.3  79540.2    79447
read      584.6   885.7    74.4   123.4   146.7   381.5   538.8   699.1   928.7  1109.5  1259.9  1447.5  2232.2 10308.3 31853.8  30252.8    30170
read      456.6   627.7    74.4   139.8   170.3   375.8   462.1   517.1   561.9   622.5   711.1   871.9  2253.0  6358.5 30907.6  91416.2    91442
read      582.4   892.2    74.4   123.4   145.9   379.2   528.3   674.3   914.5  1128.9  1301.9  1493.3  2075.7 12160.9 31809.7  32580.4    32581
read      572.2   858.1    68.9   120.0   141.4   365.9   488.3   594.1   741.9  1167.9  1412.7  1647.3  2175.2 12184.0 31317.9  38037.7    37955
read      651.8  1567.9    74.4   129.0   156.6   441.4   599.2   697.1   768.8   841.3   934.5  1112.1  5472.0 30405.9 35412.1  15677.0    15710
read      670.9   829.4    74.4   148.6   193.4   435.2   559.2   690.0   817.3  1286.9  1649.5  1962.6  2857.0  8632.4 30957.3  71869.8    71810
read      585.8   825.8    74.4   125.9   150.1   391.8   564.6   742.5   950.5  1104.9  1242.2  1415.0  2072.9 11010.3 31305.2  28768.6    28758
read      471.0   537.9    74.4   148.8   186.6   403.6   486.1   539.9   587.5   655.2   754.3   930.4  1806.7  5934.9 24599.3  98376.6    98455
read      454.1   602.9    74.4   145.9   179.6   390.9   476.6   530.1   574.6   633.1   719.8   870.9  1368.4  7265.6 30614.7  97955.5    98013
read      575.9   811.8    74.4   141.8   178.7   410.1   503.3   581.0   658.7   771.2  1043.0  1729.9  2832.1  8918.9 31089.2  78502.6    78405
read      664.8  2238.2    80.4   147.8   185.1   355.3   432.8   473.6   504.9   543.3   603.8   921.1  8590.9 32272.5 40802.0   6003.1     6036
read      590.5   828.5    74.4   125.6   148.7   379.4   517.5   639.4   839.6  1184.0  1418.3  1665.5  2312.3  8723.6 31576.1  36412.4    36458
read      606.4   886.2    74.4   129.2   153.9   399.3   578.4   767.4   967.7  1130.7  1281.7  1473.5  2311.1 12344.9 31965.1  28604.9    28576
read      521.5   674.2    74.4   138.3   170.2   397.1   489.3   556.3   617.3   702.5   843.5  1519.0  2744.3  6555.5 30043.9  80414.7    80599
read      607.2  1156.6    74.4   128.2   155.4   426.0   601.1   755.2   857.5   952.3  1059.1  1221.3  2897.1 16539.3 32218.3  19411.1    19405
read      586.8   880.7    68.9   124.6   147.8   366.9   481.1   578.3   684.9  1074.8  1542.1  1864.3  2503.1 11071.8 31504.3  47707.3    47767
read      469.1   627.9    74.4   143.3   177.5   390.1   476.9   533.4   579.6   639.4   731.8   906.4  2008.2  7563.8 29696.2  93321.7    93253
read      668.8   827.7    74.4   145.3   187.6   423.5   550.9   683.4   828.1  1428.5  1661.1  1935.5  2811.1  8468.5 30683.6  69535.3    69494
read      564.1   779.1    74.4   129.7   154.8   368.9   478.0   564.0   645.5   827.8  1384.9  1884.9  2685.3  6920.5 31036.8  56278.2    56381
read      611.7   953.9    68.9   146.5   186.3   429.1   529.4   610.5   688.3   810.3  1045.7  1768.6  3358.5 10685.5 32252.1  78020.2    77977
read      595.6   966.0    74.4   124.9   149.0   398.0   578.9   760.2   944.3  1077.3  1204.9  1377.6  2244.8 15624.5 34026.1  25268.4    25344
read      613.7  1442.1    74.4   131.4   160.0   441.5   570.9   651.0   706.4   775.1   864.9  1041.0  4616.2 29091.8 37502.9  12776.1    12722
read      626.6  1361.3    74.4   128.5   156.2   447.6   603.4   708.0   784.0   863.0   961.1  1139.2  4626.5 25879.5 37603.0  15676.5    15735
read      710.2  1540.1    74.4   127.9   154.5   427.7   621.6   809.9   972.3  1120.5  1273.9  1525.8  5013.1 30264.6 37144.3  24964.5    24822
read      521.8   785.8    74.4   133.2   162.0   388.5   479.1   541.9   598.0   679.0   810.7  1547.1  3051.9  7705.2 31525.0  75306.1    75313
read      653.4  1810.9    80.4   136.6   165.7   427.0   547.3   619.5   667.0   723.2   804.2   968.6  6168.4 31551.3 37904.9  10222.9    10237
read      578.6   819.9    68.9   132.2   159.4   383.4   491.8   577.1   656.4   811.1  1458.7  1912.1  2695.5  8306.1 31375.6  58095.4    58120
read      582.2   837.8    74.4   120.9   141.8   361.2   468.4   554.9   635.8   873.5  1666.3  2002.6  2624.3  8220.4 31167.7  45026.1    44995
read      566.6   750.0    74.4   126.1   148.8   364.8   474.7   558.9   637.6   820.1  1547.1  1978.7  2545.5  6945.3 30209.7  49114.2    49144
read      651.9   941.3    74.4   143.5   179.0   457.1   614.9   724.9   825.1   975.0  1248.8  1830.5  3036.6  9194.2 31985.7  57508.2    57479
read      454.7   594.1    74.4   144.2   178.9   393.4   478.4   530.2   573.4   632.1   718.4   861.3  1321.5  7300.0 30106.3  98066.6    97969
read      707.2  2173.4    80.4   138.1   169.4   396.3   495.1   555.7   598.3   649.2   725.3   987.5  8513.3 31979.5 38564.5   8550.9     8514
read      491.9   813.4    74.4   132.0   159.1   380.0   469.6   529.6   579.0   646.0   747.6  1011.0  2879.4  9121.0 31840.0  75883.6    75847
read      589.4   928.4    74.4   124.4   147.8   370.0   479.8   572.9   662.7   927.5  1552.5  1960.9  2606.3 11119.3 31285.5  50103.5    50090
read      455.7   707.1    74.4   137.0   165.9   379.1   465.6   519.0   563.4   623.3   707.4   851.9  2058.9  8287.3 31051.6  87681.4    87774
read      607.2   981.0    74.4   125.2   147.7   383.4   520.2   633.5   771.9  1192.0  1481.8  1751.4  2412.3 14589.7 33273.5  36424.1    36410
read      473.4   774.6    74.4   132.2   157.5   375.6   469.0   528.2   576.1   637.6   728.0   910.4  2564.9  9276.3 31765.7  71649.8    71719
read      783.4  2145.3    74.4   135.4   164.4   462.8   609.9   700.2   762.3   838.1   936.8  1234.1  9076.1 31908.9 43835.1  12631.2    12700
read      610.8   800.5    74.4   127.7   151.5   407.2   585.1   733.6   965.4  1188.0  1352.8  1555.6  2260.5  9653.7 29913.2  29171.4    29144
read      631.1   945.8    74.4   127.2   151.2   396.3   556.5   695.6   937.9  1245.5  1463.1  1711.4  2733.8 10361.3 31944.2  35222.6    35245
read      482.0   801.2    74.4   131.1   157.4   380.0   475.4   536.3   585.0   648.0   742.2   938.6  2553.1  9157.9 31670.1  74934.0    74881
read      525.0   825.5    74.4   127.2   150.8   382.2   487.8   562.8   628.3   712.3   866.3  1585.0  2569.0  9012.9 31727.4  50422.2    50576
read      455.9   665.2    74.4   136.7   166.2   380.8   470.5   526.6   572.0   631.8   718.8   866.8  1909.1  7985.6 30815.1  88264.6    88397
read      454.1   681.7    74.4   128.1   151.0   367.3   463.4   521.3   569.2   630.0   713.3   870.8  2336.6  8689.7 30511.5  64278.4    64238
read      462.0   718.2    68.9   132.3   156.9   369.8   467.2   528.2   576.7   637.6   726.0   895.8  2395.9  8714.0 31421.5  70870.0    70860
read      654.4  1226.7    74.4   131.5   157.5   432.1   621.3   799.5   953.6  1086.2  1226.7  1426.5  3447.6 17227.1 36804.4  23500.5    23426
read      478.3   795.1    74.4   132.9   159.6   380.3   470.9   530.3   579.0   642.7   736.5   925.1  2463.8 10462.0 31822.0  78182.7    78345
read     1742.5 23645.6    74.4   133.7   163.3   430.7   544.4   630.5   724.2   921.0  1274.8  1655.1  3173.9 466819.9 789096.6  32726.4    32780
read      493.3   725.4    74.4   129.8   154.1   383.9   481.6   545.9   601.3   672.0   775.5  1248.0  2379.9  8467.4 31299.8  61609.2    61518
read      455.2   758.5    74.4   126.5   148.9   371.7   467.2   524.7   571.8   630.0   706.1   844.5  2236.4  9168.5 31590.1  58121.5    57976
read      458.9   596.0    74.4   143.0   176.2   394.2   483.6   540.5   587.6   647.4   733.2   883.1  1396.0  7278.0 30306.1  93338.8    93228
read     1999.4 21348.7    74.4   132.0   161.1   441.6   568.2   682.4   851.2  1063.4  1296.3  1601.6  3718.8 378007.0 490415.9  27830.4    27836
read      489.7   638.6    74.4   149.5   188.5   415.6   498.0   551.7   603.1   675.1   781.3   949.7  1904.5  8236.0 30646.0  96384.4    96390
read      444.0   677.6    74.4   127.5   149.5   363.5   460.6   519.2   565.9   625.1   703.1   842.6  2248.4  8364.9 31301.4  65156.9    65178
read     2108.4 20986.1    86.8   147.6   187.5   376.4   461.6   509.4   545.5   592.7   679.1  1365.6 20669.3 399035.4 471220.1   5967.3     5947
read      456.2   726.3    74.4   126.2   149.4   368.0   464.2   523.2   571.3   632.7   717.8   873.1  2209.8  8621.9 31557.9  67514.7    67548
read      573.2   662.5    74.4   127.6   152.9   425.1   619.5   784.3   912.2  1033.8  1152.8  1317.2  1742.2  7745.7 28180.7  23936.8    23830
read      608.1   827.2    74.4   124.5   147.1   389.7   562.1   730.4   968.6  1190.4  1371.5  1596.3  2347.6  8401.0 31158.5  34706.5    34731
read      472.2   738.7    68.9   126.5   150.7   374.2   465.3   525.6   575.8   641.3   734.5   927.1  2438.4  9532.4 31645.9  67864.3    67773
read      760.6  1745.2    68.9   127.5   156.0   454.6   653.8   811.6   906.1  1009.2  1139.7  1511.6  7859.2 30909.4 36217.2  19846.9    19891
read      507.8   883.2    74.4   127.6   150.9   378.0   482.8   552.2   612.0   689.7   815.8  1387.8  2313.1 10409.6 34605.5  48601.5    48577
read     1060.1  2924.8    74.4   132.8   161.3   464.1   660.6   790.9   875.8  1000.8  1340.6  3551.3 12422.7 33686.3 40815.5  15128.1    15098
read      480.1   786.5    74.4   127.3   150.5   378.3   478.1   539.6   588.8   654.5   742.3   934.9  2322.1  9360.5 31730.7  59218.8    59261
read      635.7  1132.8    74.4   125.5   148.7   387.4   557.0   708.8   926.1  1163.9  1367.1  1608.8  3046.6 15248.5 34563.0  35082.3    35046
read      457.9   739.5    74.4   125.3   148.0   372.3   474.1   533.3   579.8   639.2   721.5   867.8  2003.6  9224.4 31506.5  50458.7    50396
read      449.8   714.5    74.4   139.4   170.3   379.9   468.9   521.5   564.4   622.7   707.3   845.2  1334.0  8505.7 31713.5  93005.1    93163
read      579.0  1279.3    68.9   133.5   162.0   397.0   508.3   582.7   646.0   734.4   872.2  1336.8  3742.3 23970.3 37580.0  71662.4    71672
read      448.7   589.4    68.9   138.6   169.2   377.1   468.1   525.6   572.4   633.3   718.8   860.8  1719.2  7274.9 30273.2  91075.5    91175
read      549.3   913.5    74.4   135.7   163.9   435.8   596.6   686.2   742.5   801.5   873.6  1008.6  2640.6 12497.5 35134.3  12974.0    12942
read      458.0   799.4    86.8   140.9   174.7   364.9   488.2   547.1   585.3   626.1   678.5   769.4  1895.7 11112.7 31168.6   7877.7     7867
read      554.3   592.4    74.4   127.7   153.8   401.2   598.1   765.4   895.0  1014.3  1126.9  1273.5  1701.0  6529.5 20493.1  24008.9    23941
read      444.7   627.6    68.9   132.9   160.7   368.5   459.3   515.3   561.2   622.5   710.8   860.7  1921.4  7635.6 30345.9  85962.8    86010
read      459.1   709.7    74.4   128.4   152.1   383.4   481.7   542.3   589.6   648.6   727.8   870.0  1899.8  9251.8 31456.1  42921.6    43028
read      445.6   717.5    68.9   124.1   146.6   368.2   466.5   527.8   575.0   632.5   712.9   856.6  1839.0  8631.3 32139.8  50051.5    49998
read      443.6   714.5    74.4   124.4   146.5   366.3   464.8   526.3   573.6   631.1   712.2   852.2  1861.1  8520.1 31602.6  54456.2    54507
read      530.9   578.0    74.4   130.1   156.9   409.4   601.3   738.6   833.5   919.8  1011.8  1142.0  1473.9  6414.3 25783.3  20037.1    20101
read      454.1   720.3    74.4   127.0   149.0   362.3   461.2   525.8   574.1   634.3   723.6   895.8  2178.7  8911.4 31566.3  57822.2    57861
read      443.1   722.0    68.9   127.6   149.5   361.3   459.0   522.3   570.5   629.4   709.8   850.2  1934.5  8765.4 31524.9  60693.4    60734
read      448.0   698.4    68.9   132.5   159.3   365.6   455.6   513.3   560.2   621.2   705.9   852.0  2007.3  8677.4 31338.0  83575.2    83402
read      475.5   723.0    80.4   137.6   166.6   392.7   526.9   606.3   651.6   700.8   763.8   857.7  1444.6  8750.6 30864.2  10201.3    10196
read      543.3   500.7    68.9   125.8   149.6   378.7   544.5   666.9   847.4  1086.7  1284.8  1474.5  1794.9  3668.9 12839.2  29922.5    30013
read      462.3   441.0    74.4   141.4   172.1   413.7   533.7   602.1   642.8   687.2   741.6   824.8  1072.0  5100.2 16200.3  10058.0    10068
read      416.1   444.1    68.9   123.4   145.1   336.9   433.3   497.8   549.3   613.9   698.1   870.2  1991.1  4139.6 12698.6  62442.1    62462
read      426.1   437.4    68.9   124.1   145.8   344.0   440.7   507.9   564.8   631.7   727.3   965.6  1881.9  3506.7 13247.0  50474.0    50441
read      397.3   444.8    68.9   129.1   153.5   334.9   421.7   475.5   522.1   578.5   652.5   780.3  1523.6  4366.7 16472.0  90643.8    90611
read      517.0   452.2    74.4   129.7   154.3   399.5   585.3   710.2   831.2   945.8  1056.4  1201.3  1491.8  3921.2 15226.6  25793.2    25717
read      495.6   483.1    74.4   135.4   161.6   434.6   588.9   677.0   732.5   790.0   856.0   947.5  1185.2  5584.5 16742.7  14096.2    14108
read      537.8   517.7    68.9   126.1   149.7   376.7   545.7   668.7   831.7  1061.6  1245.3  1441.8  1783.9  3751.2 13862.4  31755.4    31738
read      537.4   632.1    68.9   126.9   151.1   389.4   577.8   716.4   868.5  1009.0  1143.3  1312.6  1626.6  4738.2 21858.0  29015.1    28902
read      438.2   501.0    68.9   122.8   144.1   336.4   431.3   495.4   555.0   625.7   730.0  1043.8  2271.4  3858.6 15323.0  55073.4    55097
read      404.5   458.9    68.9   124.3   146.3   334.5   428.7   487.9   539.5   600.6   680.5   822.7  1810.1  4107.1 13941.9  71090.9    71180
read      400.1   456.2    74.4   128.8   152.8   336.3   425.0   480.1   527.9   585.2   661.1   789.3  1550.8  4596.8 15340.5  87256.7    87386
read      411.8   490.6    68.9   126.9   149.2   335.9   430.3   490.4   541.6   605.1   688.1   842.9  1897.7  4751.0 16445.8  73976.8    73876
read      395.5   362.5    68.9   123.8   145.7   331.9   426.3   483.7   533.0   594.9   673.8   809.4  1711.7  3467.1  9128.1  72676.4    72730
read      457.1   500.1    80.4   139.1   170.5   407.6   506.9   594.1   635.6   681.5   737.3   828.3  1087.9  5523.1 30139.9   9906.9     9836
read      435.4   495.6    68.9   122.0   143.5   336.0   433.5   495.3   553.2   627.7   732.0  1054.8  2207.0  3289.8 16380.8  56725.1    56654
read      422.8   551.2    80.4   149.2   190.0   382.7   454.5   495.7   534.2   585.6   635.6   709.6   931.9  7950.8 30644.3   7462.3     7460
read      539.4   520.2    68.9   128.2   152.5   387.6   555.9   695.7   859.4  1038.4  1196.7  1381.7  1722.4  4342.1 16865.5  30341.2    30325
read      545.7   498.9    74.4   133.8   159.8   406.7   599.9   737.4   879.9  1023.1  1154.9  1322.4  1666.5  4473.3 15241.4  29268.3    29300
read      421.9   523.6    68.9   136.1   162.8   350.6   439.1   495.5   542.4   603.6   685.3   830.6  1791.7  5325.9 20580.4  92742.1    92817
read      404.1   369.9    74.4   124.7   146.5   345.4   438.1   491.4   537.8   606.6   691.0   848.1  1676.4  2960.4 13120.7  52645.1    52675
read      517.1   500.3    68.9   133.7   160.3   433.1   604.0   725.2   806.8   887.6   975.4  1094.1  1417.0  4546.0 16968.4  19708.5    19738
read      476.6   489.0    68.9   123.0   144.6   350.6   465.3   545.8   628.3   729.6  1018.0  1456.4  1864.1  4014.1 12506.0  35710.5    35663
read      374.6   279.4    68.9   121.6   143.6   333.0   427.8   481.0   522.3   579.7   653.8   762.2  1017.9  2068.4  9462.6  64966.6    64959
read      391.4   322.0    68.9   124.6   147.6   354.0   448.5   501.5   545.9   613.4   684.5   782.5  1002.2  2462.6 12847.1  34149.1    34167
read      367.2   291.7    68.9   124.2   146.8   325.6   413.8   465.5   505.1   559.4   633.7   742.5   985.8  1999.8 11991.5  86307.4    86409
read      332.2   409.3    74.4   163.9   205.3   308.3   341.1   361.8   376.6   397.3   424.6   466.7   633.4  6227.2 14211.1   5295.5     5312
read      416.5   390.7    74.4   134.0   159.7   378.4   467.5   521.9   572.7   636.2   702.6   801.7  1043.1  3920.3 13427.6  26055.8    26082
read      392.0   306.8    68.9   127.1   150.6   347.5   446.5   501.4   544.0   607.7   685.0   801.5  1067.3  2326.8  9158.1  60631.2    60627
read      442.4   464.0    63.8   139.0   169.3   371.7   456.9   513.5   566.3   639.3   737.0   896.6  1915.8  4512.7 13655.0  97101.5    97112
read      401.9   342.6    68.9   125.9   149.5   360.2   457.6   511.4   554.1   624.8   701.8   813.8  1083.0  2405.5 11573.3  40661.1    40677
read      386.6   290.3    68.9   124.6   147.3   343.0   440.8   496.0   537.5   597.5   677.3   795.0  1070.9  2404.7  8688.2  64665.3    64812
read      399.2   382.6    68.9   124.8   148.4   361.0   456.6   509.5   550.0   618.2   691.1   794.5  1025.0  3373.8 12545.0  34240.6    34043
read      376.4   339.7    74.4   140.0   166.8   366.7   430.0   463.4   487.8   515.4   550.3   633.2   801.7  3889.3 13206.1  11876.4    11894
read      384.5   317.1    63.8   123.9   146.5   341.9   438.7   493.7   534.4   590.4   669.5   782.9  1049.2  2240.0 12287.2  63940.0    63971
read      387.5   311.7    68.9   122.8   145.5   346.7   442.8   497.0   537.4   593.1   673.5   787.2  1071.7  2416.3 12183.0  58682.2    58717

Total QPS = 50549.0 (90988128 / 1800.0s)

Total connections = 64
Misses = 0 (0.0%)
Skipped TXs = 0 (0.0%)

RX 22474067122 bytes :   11.9 MB/s
TX          0 bytes :    0.0 MB/s
Warning! Detected max cpu usage > 95%
CPU Usage Stats (avg/min/max): 99.95%,48.99%,100.00%