ubuntu@client-measure-lc9m:~/memcache-perf-dynamic$ ./mcperf -s 10.156.0.31 -a 10.156.0.30 --noload -T 16 -C 4 -D 4 -Q 1000 -c 4 -t 1800 --qps_interval 10 --qps_min 5000 --qps_max 100000 --qps_seed 42
Random waveform, supplied seed
Total number of intervals = 180 (5031, 54838, 74868, 30015, 40743, 23648, 97712, 53672, 55395, 29425, 15173, 82475, 90555, 47944, 28313, 28504, 22886, 35717, 14828, 81704, 55771, 85226, 75020, 12441, 56208, 17446, 86943, 49138, 49839, 47752, 27181, 6170, 7187, 99387, 91970, 79658, 59230, 78081, 64242, 37702, 40686, 30376, 38416, 65892, 39560, 10016, 55224, 19982, 48114, 36283, 23315, 11150, 98724, 56880, 13467, 99368, 46206, 71651, 22741, 56654, 99570, 23047, 70008, 42943, 46704, 75970, 21917, 82027, 81583, 14259, 7821, 17727, 65559, 41133, 28693, 53141, 54512, 14835, 98446, 38117, 77994, 30209, 68315, 91940, 49308, 46880, 92540, 49396, 97841, 35404, 80451, 87228, 75554, 57964, 83546, 55468, 34203, 37629, 34577, 47426, 58845, 66993, 10977, 51529, 48344, 5902, 71602, 41886, 47456, 93939, 16890, 45689, 32790, 44044, 28149, 39739, 72475, 93882, 6692, 50406, 83055, 55609, 16968, 43031, 17236, 82183, 42212, 12244, 61777, 36984, 29093, 41715, 34838, 63574, 24401, 32025, 98971, 23657, 67877, 53849, 79536, 17081, 39024, 26125, 33388, 20979, 95865, 73949, 60987, 54175, 51484, 39771, 32864, 42033, 43808, 45785, 35582, 38504, 15320, 74264, 43890, 5962, 38365, 55971, 23217, 87681, 91728, 96668, 80475, 27150, 53444, 23737, 87776, 82175, 98548, 37704, 64701, 69089, 89785, 16676)
Average QPS expected = 50230
Timestamp start: 1622160241945
Timestamp end: 1622162042320

#type       avg     std     min      p5     p10     p50     p67     p75     p80     p85     p90     p95     p99    p999   p9999      QPS   target
read      348.1   927.4    80.4   152.5   183.5   279.1   319.7   344.3   363.9   387.7   421.2   488.5  1335.2 10837.0 32199.3   4944.0     5031
read      466.6   831.8    63.8   119.7   142.2   337.3   433.1   494.1   545.5   617.2   736.1  1169.8  2624.6  9229.1 31530.0  54791.7    54838
read      691.7  1533.8    68.9   154.0   197.0   401.1   497.9   583.1   662.9   773.6  1030.0  1934.7  6599.5 27950.0 36756.1  74858.1    74868
read      558.0  1278.3    68.9   119.0   138.5   331.3   456.9   557.0   656.8   861.8  1105.4  1422.8  3205.2 24957.1 36147.1  30011.0    30015
read      525.7   914.7    68.9   120.5   141.4   336.8   448.5   537.5   620.7   779.4  1158.3  1569.9  2753.1  9053.1 31401.3  40829.4    40743
read      424.0   855.1    68.9   116.4   133.7   303.7   408.0   475.8   532.9   609.0   740.6   957.8  2343.1  8636.8 31804.6  23637.2    23648
read      512.7   781.5    68.9   157.9   203.6   423.0   504.9   564.8   624.0   707.1   820.9   995.7  1905.5  9372.5 31595.2  97613.3    97712
read      517.9   888.6    68.9   120.6   142.7   333.7   437.0   509.3   576.7   681.5   971.4  1683.5  2921.5  8086.5 31790.8  53744.1    53672
read      620.5  1251.8    68.9   122.4   147.2   347.9   453.7   537.6   624.5   811.5  1421.8  2128.0  4362.2 17127.7 32517.8  55450.6    55395
read      437.3   825.9    68.9   110.9   127.6   301.7   402.6   475.1   535.6   620.5   791.6  1093.6  2615.2  9106.3 31632.8  29501.3    29425
read      431.2   981.5    68.9   115.5   134.2   307.0   398.5   458.1   506.7   574.4   676.3   869.4  2657.2 12206.0 32460.3  15167.6    15173
read      465.8   809.9    68.9   130.5   159.5   361.6   451.2   506.4   552.8   618.3   717.6   919.4  2568.9  9023.9 31687.5  82319.2    82475
read      493.0   979.2    68.9   133.3   168.2   383.7   462.2   509.1   553.6   623.9   732.1   914.5  2530.3 12680.3 32200.1  90463.5    90555
read      549.7  1024.0    68.9   116.3   136.7   328.3   434.3   515.6   595.2   744.0  1180.8  1771.4  3501.2  9464.7 32326.9  47994.6    47944
read      408.9   794.7    68.9   113.1   129.4   291.5   392.7   460.0   511.7   583.2   715.3   976.9  2443.0  7148.4 31663.4  28292.7    28313
read      419.9   966.0    68.9   111.1   127.6   291.4   390.6   454.6   505.1   574.2   698.8   958.7  2502.7 13496.0 32726.0  28534.8    28504
read      427.7   976.6    68.9   114.0   131.4   294.0   390.4   449.5   497.9   566.0   663.2   863.2  2737.4 13720.7 32041.2  22821.0    22886
read      504.0  1084.4    68.9   115.1   133.8   311.9   411.7   484.8   548.6   648.1   934.4  1365.0  3051.7 14328.8 35285.9  35635.6    35717
read      484.1  1246.3    68.9   112.9   130.7   295.3   387.5   447.7   499.3   574.2   689.8  1002.4  3484.0 27988.1 36717.1  14809.0    14828
read      687.1  1404.2    68.9   169.0   221.8   408.2   494.4   570.6   651.9   770.4  1018.3  1884.8  6629.6 17049.8 36210.3  81664.1    81704
read      548.2  1053.8    68.9   118.5   139.1   316.2   413.4   485.5   556.5   694.5  1232.1  1848.8  3565.3 11878.7 32172.6  55808.1    55771
read      510.7   981.7    63.8   135.5   169.0   379.1   459.2   510.1   559.6   633.5   747.3   971.0  3182.9 12394.8 32104.7  85272.9    85226
read      600.7  1248.3    63.8   134.5   168.8   371.3   455.3   520.8   587.8   685.2   873.0  1723.9  5152.0 13323.7 32480.7  75129.1    75020
read      396.6  1185.7    68.9   113.3   131.5   281.2   357.1   406.3   447.6   500.8   576.2   704.0  2482.9 28492.2 36548.4  12420.5    12441
read      532.3  1057.3    68.9   119.4   140.2   316.9   411.5   481.2   546.4   657.7  1031.9  1748.2  3402.6 12161.0 35026.3  56153.6    56208
read      436.1  1009.7    68.9   111.7   128.1   294.2   390.3   454.5   507.3   584.7   696.5   880.5  2930.6 11030.2 31870.5  17568.2    17446
read      512.2  1158.8    63.8   132.6   165.1   370.5   446.2   497.1   543.2   613.7   715.9   902.7  3373.6 14940.3 32475.6  86849.0    86943
read      525.5  1060.7    68.9   116.4   135.4   306.9   404.2   477.1   546.3   674.5  1116.5  1678.8  3213.2 10845.7 32185.2  49136.2    49138
read      498.2   916.4    68.9   114.2   133.2   300.2   394.8   460.3   523.1   627.0  1020.6  1608.0  3070.0  7534.1 31109.3  49937.9    49839
read      467.9   841.5    68.9   112.5   130.3   293.8   388.3   455.9   519.8   629.0   994.0  1468.2  2892.7  7637.6 31597.0  47632.8    47752
read      428.5   966.8    68.9   108.9   124.8   295.8   391.6   452.7   499.2   560.2   678.3   980.1  2879.1 13049.4 32009.8  27248.3    27181
read      402.1  1548.2    80.4   137.6   168.0   272.6   324.0   358.5   382.9   412.7   452.4   516.8  2117.5 29465.8 35733.4   6135.7     6170
read      370.1   998.5    86.8   140.2   168.5   290.5   348.6   388.2   416.7   451.2   496.4   570.8  1612.4 22176.8 32146.8   7193.0     7187
read      451.3   811.7    63.8   134.4   167.6   365.3   441.1   489.8   531.4   590.3   678.7   820.6  1879.7 10233.3 31659.6  99137.4    99387
read      459.6   849.3    68.9   129.8   160.4   359.8   437.5   486.1   528.7   590.7   690.3   874.2  2296.7 11037.2 32153.3  91937.0    91970
read      522.5  1223.1    68.9   127.7   158.1   361.9   443.1   494.4   540.0   610.0   713.0   940.4  4145.6 16467.7 35345.4  79617.2    79658
read      535.9  1012.6    68.9   117.6   139.0   319.3   414.2   480.9   544.6   655.5  1081.6  1821.4  3230.1 10606.3 31932.0  59351.3    59230
read      711.0  1518.7    68.9   160.8   207.9   398.8   488.0   572.6   659.9   778.8  1224.0  2023.9  7112.7 25608.3 36572.5  78016.4    78081
read      599.2  1099.3    68.9   125.4   150.5   338.9   433.0   510.1   592.5   752.6  1381.0  2081.7  4281.5 11510.5 32034.0  64215.4    64242
read      479.6   931.9    63.8   112.9   131.1   306.5   401.5   470.3   531.5   623.2   885.7  1336.2  3127.5 10948.4 31984.1  37693.2    37702
read      452.3   767.8    68.9   111.7   129.3   301.5   395.3   466.8   532.3   636.5   950.1  1328.4  2867.8  7274.7 30861.2  40753.6    40686
read      443.8   929.9    68.9   110.3   126.5   300.2   395.2   458.9   508.7   576.5   717.1  1071.6  3064.8 10560.4 31571.7  30350.8    30376
read      457.2   785.2    63.8   110.9   128.7   304.2   398.7   470.2   535.3   636.9   959.5  1334.1  2967.6  6706.1 31261.2  38397.4    38416
read      627.6  1337.0    68.9   126.7   154.1   346.4   441.1   516.7   596.7   745.2  1307.3  2015.1  5025.8 17496.7 32506.8  65805.2    65892
read      490.6  1057.6    68.9   112.8   130.9   302.9   396.6   464.5   525.0   611.0   853.7  1364.7  3216.4 12211.1 32125.4  39568.3    39560
read      393.0  1073.3    74.4   119.9   143.7   280.4   353.0   398.5   435.1   483.3   549.8   659.5  2866.1 20999.2 32015.4  10069.3    10016
read      529.3  1086.9    68.9   116.4   137.1   314.5   404.9   469.5   531.3   627.3   959.1  1716.3  3784.8 12103.0 32381.9  55272.0    55224
read      373.0   863.8    68.9   109.8   125.7   285.1   370.0   418.2   454.4   497.5   563.8   725.3  1628.3  8700.9 31841.8  20029.6    19982
read      495.7  1025.8    68.9   111.9   130.1   303.7   396.4   460.5   518.0   604.9   855.6  1487.9  3233.5 12213.0 32445.4  48042.7    48114
read      509.2  1233.3    68.9   111.4   130.4   310.1   400.3   464.1   518.7   595.3   802.0  1293.4  3593.0 18876.7 32485.8  36328.7    36283
read      423.7   934.1    68.9   109.6   125.9   295.5   392.2   454.8   502.4   571.8   712.0   955.6  3028.3 10039.8 31495.7  23368.4    23315
read      399.6  1323.1    68.9   116.4   137.8   280.0   347.1   392.4   426.6   471.8   539.1   644.1  1981.9 28987.0 32323.0  11173.9    11150
read      508.5  1086.5    63.8   141.6   182.0   389.5   460.8   505.0   548.3   623.6   729.6   894.0  2827.2 12895.8 32303.2  98718.3    98724
read      527.0  1164.4    68.9   113.9   134.3   311.7   400.7   462.0   521.2   611.5   850.6  1625.7  4029.5 15946.6 35138.8  56855.7    56880
read      378.4   925.7    68.9   113.8   134.2   284.5   357.8   407.1   445.9   492.3   561.3   674.1  2138.0 13005.6 31899.0  13526.2    13467
read      453.4   755.3    63.8   133.9   168.0   373.9   447.5   491.8   530.9   590.7   688.5   849.8  1985.2  9274.2 31486.2  99258.2    99368
read      504.4   967.7    68.9   112.7   131.6   313.1   408.5   479.9   544.5   640.3   950.6  1526.0  3432.1  9732.1 32213.1  46137.5    46206
read      622.2  1210.8    68.9   134.5   164.2   352.4   447.5   529.0   616.0   778.9  1350.5  1965.1  4636.1 12856.5 32363.1  71650.3    71651
read      372.8   764.7    68.9   107.9   123.6   289.8   379.0   432.6   475.7   523.6   593.5   767.6  1399.3  7266.0 30578.9  22726.8    22741
read      579.2  1244.3    68.9   119.1   141.3   326.4   421.1   490.1   556.1   670.2  1082.8  1891.5  4394.0 15298.8 36705.6  56765.9    56654
read      486.7   977.2    68.9   141.0   178.4   382.5   453.6   498.7   541.0   609.1   708.9   859.1  2784.8 12707.5 32297.8  99619.3    99570
read      402.7   988.2    63.8   108.9   124.5   291.0   381.9   439.8   486.0   543.5   646.7   857.0  2090.5 11755.2 32217.2  23135.9    23047
read      665.1  1495.7    68.9   135.6   167.6   362.1   451.2   522.5   596.7   714.2  1049.0  2182.9  6254.9 20371.9 36707.9  70089.5    70008
read      473.1   935.8    68.9   110.8   128.0   304.6   397.7   463.7   523.3   603.0   804.0  1372.6  3391.4  8399.4 31631.8  43003.5    42943
read      513.0   946.8    68.9   113.0   132.2   313.1   409.6   480.6   548.1   651.6  1005.8  1572.7  3461.8  7338.3 32044.9  46726.9    46704
read      744.3  1598.1    68.9   166.8   217.0   406.3   499.9   589.7   679.8   824.0  1451.4  2040.4  7312.6 28055.3 37257.4  76089.6    75970
read      413.5   968.7    68.9   109.9   126.5   300.2   389.7   447.3   492.3   554.2   658.3   863.9  2467.7 13925.0 32242.9  21905.0    21917
read      519.9  1072.6    63.8   132.2   163.9   373.9   455.7   509.3   559.6   633.9   745.2  1031.4  3398.4 13771.6 32469.1  82000.8    82027
read      551.3  1206.8    63.8   135.9   169.5   387.5   471.2   530.9   586.1   667.6   789.3  1165.6  3493.7 15632.0 36528.4  81595.1    81583
read      466.0  1315.6    68.9   119.1   139.8   329.5   419.0   478.2   532.9   612.1   709.7   837.6  2889.2 28304.4 37083.7  14281.6    14259
read      475.9  1571.0    74.4   131.7   161.8   331.1   410.3   460.5   497.2   537.4   592.4   670.6  2748.0 29346.2 38837.7   7811.9     7821
read      461.7  1101.4    68.9   115.6   136.2   341.0   447.6   517.1   576.6   666.9   781.0   929.7  1923.4 24042.8 37369.6  17621.5    17727
read      573.1   999.2    68.9   125.9   152.3   343.8   439.8   515.1   592.5   733.4  1252.5  1898.7  3635.4 10956.8 31871.5  65739.9    65559
read      539.4  1077.5    68.9   113.8   133.2   333.3   450.7   529.3   591.4   683.7   922.7  1497.6  3681.0 13445.1 32219.5  41131.7    41133
read      450.2   868.0    68.9   109.6   126.4   332.6   438.8   505.1   556.3   617.0   708.0   949.8  3341.0 10745.8 31537.1  28798.8    28693
read      574.8  1139.4    68.9   116.0   136.7   332.5   434.0   510.4   588.7   719.1  1139.6  1810.8  4066.6 11852.6 32439.3  53182.1    53141
read      584.8  1194.2    68.9   116.4   137.5   332.0   432.7   505.8   580.8   706.7  1104.5  1862.0  4444.5 12519.7 32237.6  54609.0    54512
read      450.0  1171.6    68.9   113.7   133.6   340.4   430.2   488.4   536.7   600.2   688.9   832.9  2409.5 28456.0 34521.9  14857.8    14835
read      413.2   622.0    63.8   129.4   158.1   348.8   425.4   470.8   508.5   560.7   637.9   771.5  1785.7  7118.1 29955.5  98439.9    98446
read      543.4  1178.7    68.9   113.3   132.6   339.7   448.5   522.0   587.7   684.7   904.9  1424.8  3724.2 15724.1 32402.0  38089.4    38117
read      667.5  1490.6    68.9   148.5   190.3   384.3   472.0   546.8   620.2   721.1   947.7  1815.6  6622.9 28380.2 35762.1  78064.6    77994
read      462.0   971.2    68.9   109.6   126.0   323.6   430.4   500.0   556.5   638.8   790.0  1073.5  3400.6 11541.3 31945.6  30210.7    30209
read      676.4  1436.7    68.9   135.7   168.0   372.0   468.1   547.2   625.6   749.8  1257.6  2430.1  5137.4 24544.0 36115.1  68366.1    68315
read      483.8   980.3    63.8   134.6   168.3   375.8   451.2   499.3   543.0   608.7   705.7   865.6  2877.7 12742.6 32258.3  92075.9    91940
read      566.2   973.3    68.9   119.7   141.6   349.0   462.9   561.1   666.0   951.5  1364.5  1719.6  3328.2 10852.3 32108.1  49273.4    49308
read      573.7  1079.6    68.9   120.5   143.0   354.8   467.0   559.3   655.6   874.9  1321.0  1689.3  3497.7 13147.3 32202.0  46921.5    46880
read      466.5   867.5    68.9   133.7   165.8   371.6   449.9   498.9   540.9   601.6   695.8   863.7  2622.0 10760.6 32278.9  92515.2    92540
read      589.2  1111.3    68.9   124.7   148.5   361.4   474.0   564.6   649.5   820.6  1271.3  1725.6  3756.1 11600.7 32342.6  49381.4    49396
read      428.6   722.7    68.9   131.6   161.3   354.7   430.9   476.6   515.3   572.1   659.2   806.1  1875.0  8411.8 31289.3  97823.1    97841
read      564.5  1217.2    68.9   115.7   136.9   349.4   451.7   521.4   579.1   657.5   845.9  1471.2  4036.2 15734.3 32314.5  35400.9    35404
read      539.4  1130.5    68.9   131.1   163.5   375.5   456.6   509.5   560.7   635.7   748.8  1009.1  4529.8 12877.5 35158.6  80341.8    80451
read      552.4  1195.9    68.9   138.4   176.6   396.7   471.6   524.2   575.5   653.2   769.6   960.7  4678.0 15248.6 32428.1  87170.1    87228
read      566.0  1228.2    63.8   131.7   164.6   382.6   467.0   527.4   583.6   665.7   792.5  1404.9  4579.0 16543.1 35796.2  75787.3    75554
read      579.0  1272.7    68.9   122.9   149.4   366.4   459.8   524.9   583.8   666.7   824.3  1592.7  4837.0 15923.7 32318.8  58027.7    57964
read      563.9  1270.6    63.8   135.9   173.4   388.8   469.6   524.7   576.4   654.8   773.9  1043.9  4636.1 17842.9 35204.8  83516.6    83546
read      586.6  1411.7    68.9   123.0   148.4   366.0   457.6   523.4   580.6   657.2   790.8  1512.4  5309.5 24937.6 34870.9  55373.4    55468
read      581.5  1234.0    68.9   117.6   139.7   358.3   464.3   540.0   601.0   685.8   887.4  1527.6  4107.6 15565.8 35034.7  34140.6    34203
read      598.2  1334.1    63.8   117.9   140.9   365.9   471.6   548.8   614.6   703.9   925.6  1578.9  4758.1 24514.5 33566.7  37596.0    37629
read      613.3  1382.7    68.9   120.1   143.3   368.6   477.4   555.1   619.1   709.3   935.3  1627.4  4794.8 25324.4 35263.3  34633.9    34577
read      603.8  1341.1    68.9   123.9   148.2   367.1   467.0   539.9   604.4   692.8   909.1  1670.2  5068.4 22695.4 36291.1  47541.9    47426
read      591.1  1422.8    68.9   125.6   152.1   362.4   452.4   516.0   575.0   654.5   792.2  1589.3  5436.5 26193.0 36300.4  58928.9    58845
read      559.1  1228.0    63.8   126.7   154.8   366.9   455.7   518.6   576.3   656.0   790.9  1492.8  4215.5 15356.2 35291.3  66943.6    66993
read      378.3   808.0    74.4   126.6   147.0   317.8   384.7   424.1   455.2   495.0   552.1   667.5  1164.6  8046.4 30406.8  11031.0    10977
read      647.2  1652.8    63.8   123.3   149.4   363.4   457.1   522.8   582.9   669.7   869.2  1759.1  6623.2 29659.2 37870.7  51470.4    51529
read      643.5  1493.5    63.8   122.3   147.8   365.0   462.7   533.8   598.9   695.0   980.4  1841.7  5748.7 28212.9 35962.2  48421.7    48344
read      398.1  1454.4    80.4   133.0   151.8   289.7   338.3   368.6   392.7   422.6   463.2   535.4  1825.1 29480.8 32673.2   5885.5     5902
read      576.3  1222.3    63.8   130.0   160.8   376.9   466.3   532.0   593.1   680.5   838.0  1588.8  4468.7 15161.5 32386.7  71639.6    71602
read      609.8  1304.6    68.9   119.8   144.1   365.2   466.3   538.4   602.7   704.6  1022.3  1708.7  4957.4 16938.8 35220.8  41889.1    41886
read      615.0  1444.0    68.9   120.7   145.7   364.6   462.7   531.3   591.2   686.2   942.2  1688.6  5407.2 28122.5 37783.7  47311.9    47456
read      469.1   865.1    68.9   134.3   166.7   373.8   449.4   496.4   537.8   599.4   696.2   851.5  2612.8 11593.3 31760.9  94007.9    93939
read      407.7   844.1    74.4   118.5   138.1   327.0   414.2   468.9   512.8   568.2   645.4   801.1  1377.5  9831.1 32107.7  16877.8    16890
read      632.3  1478.9    68.9   119.3   143.2   357.3   455.9   524.5   586.1   685.0  1024.3  1794.2  5451.1 28601.2 37104.8  45568.8    45689
read      513.1  1143.2    63.8   113.2   133.2   334.6   428.1   491.4   542.4   610.8   757.9  1221.2  4051.8 13629.3 32266.1  32785.7    32790
read      651.4  1447.2    63.8   120.6   146.0   368.7   468.3   542.1   609.1   723.2  1131.5  1877.2  5576.2 25109.8 36187.4  44005.2    44044
read      469.0  1017.9    68.9   112.3   130.2   327.5   427.5   494.4   545.8   617.1   752.0  1076.6  3898.6 11938.7 31996.5  28143.8    28149
read      622.4  1470.8    68.9   121.7   146.0   367.6   468.8   541.3   604.8   704.9   976.5  1616.7  5347.1 28844.8 36067.2  39613.6    39739
read      561.0  1152.5    63.8   130.8   161.5   376.3   463.3   528.8   589.5   678.1   831.1  1605.8  4069.2 14015.7 33830.5  72477.4    72475
read      543.7  1096.8    68.9   147.2   191.4   412.4   488.7   540.3   592.3   676.0   796.2   989.7  2995.4 13045.5 32488.6  93781.1    93882
read      496.8  1684.7    68.9   132.8   155.4   316.7   385.8   428.6   461.8   502.7   560.3   685.9  4051.5 30503.5 36285.3   6700.2     6692
read      555.7   893.5    63.8   124.3   148.0   357.3   469.0   560.4   651.7   863.8  1333.3  1719.1  2523.0  9072.5 31830.2  50351.6    50406
read      580.7  1370.8    68.9   139.0   176.4   390.5   471.4   530.7   586.8   666.3   777.6  1055.7  4962.7 19415.5 35971.5  83138.6    83055
read      590.3  4411.2    68.9   123.3   147.3   362.9   464.2   533.6   591.9   674.8   847.1  1555.7  3128.6 16143.0 272357.5  55564.8    55609
read      492.2  1121.6    74.4   124.9   144.7   356.6   468.5   542.3   613.5   703.8   806.3   953.5  2970.8 20481.6 35465.0  16914.9    16968
read      555.3  1318.4    68.9   119.8   142.1   350.5   447.5   510.3   562.3   628.3   741.3  1352.3  4446.3 19218.3 35662.7  43081.5    43031
read      387.9   872.1    68.9   114.5   131.3   313.8   394.3   439.5   471.3   509.9   566.9   678.1  2442.1  9158.7 31847.4  17180.9    17236
read      602.7  1400.0    68.9   140.5   182.2   403.7   480.9   536.5   592.9   681.4   805.9  1081.2  6298.7 24197.1 35067.8  82224.5    82183
read      567.3  1327.4    68.9   119.6   142.6   358.9   460.4   529.2   585.1   659.7   802.9  1456.7  4373.2 23731.6 36602.6  42238.1    42212
read      390.7  1001.6    74.4   124.5   142.1   321.6   392.7   430.6   459.9   495.5   543.6   628.8  1256.1 19033.7 31854.5  12281.5    12244
read      586.9  1345.8    68.9   125.8   153.6   370.3   463.0   526.2   581.4   658.7   781.9  1538.0  4748.3 20264.6 36423.8  61605.1    61777
read      565.3  1276.5    68.9   120.3   143.8   367.4   469.5   540.8   595.5   667.7   796.8  1362.1  4534.5 18846.2 36191.9  36968.2    36984
read      439.3   845.0    63.8   114.4   133.5   327.0   423.9   484.2   529.2   581.6   652.6   808.3  3972.7  8473.4 31287.7  28964.3    29093
read      557.2  1267.0    68.9   117.2   140.0   355.8   453.4   518.6   571.9   639.6   762.5  1325.7  4391.6 16022.0 35609.1  41641.5    41715
read      566.3  1308.5    68.9   117.8   140.2   351.3   449.8   515.1   568.1   634.2   755.6  1409.6  4590.1 15709.3 37014.7  34870.5    34838
read      588.5  1314.3    68.9   128.4   156.4   371.8   464.3   532.2   592.2   676.3   830.9  1605.5  4703.9 19547.6 35725.3  63685.4    63574
read      383.6   795.4    63.8   114.0   130.6   311.1   410.2   466.6   506.5   553.8   615.8   737.7  1158.8  7516.8 31602.4  24452.4    24401
read      482.2  1115.5    68.9   114.9   134.5   333.2   431.3   493.4   542.0   600.4   685.7   952.6  4178.4 16430.0 31985.6  32040.4    32025
read      443.9   592.3    68.9   140.2   175.7   381.4   457.7   503.7   544.2   602.7   692.6   845.9  1683.8  6487.8 30399.9  98950.5    98971
read      383.6   789.6    68.9   114.1   130.5   311.0   410.6   464.6   504.1   550.5   611.1   725.4  1147.6  9094.9 31185.3  23670.7    23657
read      622.3  1570.3    68.9   130.4   162.5   377.6   465.0   528.3   585.6   662.8   789.0  1526.7  6724.8 29055.8 36352.0  67974.9    67877
read      596.1  1360.2    68.9   123.5   149.3   366.6   460.0   526.1   584.7   665.7   827.8  1631.0  5179.5 17566.3 35743.5  53795.7    53849
read      594.8  1423.7    63.8   135.8   172.2   389.8   469.2   529.6   585.8   669.8   791.1  1285.7  5436.7 23453.1 36605.0  79583.9    79536
read      394.9   925.4    68.9   116.5   133.6   315.1   399.4   447.5   481.9   523.1   576.5   680.3  1725.4 12691.3 32114.3  17104.1    17081
read      574.6  1335.3    63.8   118.9   141.6   347.8   442.5   505.4   557.8   626.6   746.5  1463.5  4710.5 20399.4 35584.9  39082.5    39024
read      399.7   863.1    68.9   114.4   131.3   311.4   410.5   470.8   513.8   564.2   631.1   770.3  1362.0  9295.3 31342.3  26094.6    26125
read      523.4  1268.9    63.8   116.6   137.0   338.5   436.8   501.6   554.5   618.8   726.0  1126.8  4370.8 18932.6 35495.8  33448.0    33388
read      400.3   918.6    68.9   114.9   131.7   319.4   409.3   463.0   500.6   545.3   602.4   718.8  1587.5 10944.1 31399.1  20878.7    20979
read      451.8   684.9    68.9   138.2   171.8   375.8   452.0   499.6   542.2   603.4   694.7   844.9  2025.7  8605.3 30919.7  95929.4    95865
read      429.1   653.2    68.9   121.1   143.5   341.8   426.6   478.3   521.7   580.6   662.8   838.5  2480.7  5520.0 29926.7  73681.9    73949
read      431.5   675.4    68.9   118.4   139.4   342.0   428.0   481.1   526.6   586.2   665.8   909.2  2211.4  6089.5 30087.0  60967.8    60987
read      430.4   685.2    68.9   118.2   139.5   347.5   432.1   485.1   530.7   588.7   665.0   879.5  2034.2  6874.5 29988.5  54140.8    54175
read      425.7   676.8    68.9   116.9   138.2   341.0   426.3   479.3   525.8   584.1   665.8   940.8  1953.3  5503.5 30246.7  51376.7    51484
read      418.4   609.2    68.9   116.9   137.7   340.8   426.6   483.9   532.4   591.2   670.0   935.7  1733.0  5590.2 30218.0  39589.2    39771
read      408.4   722.4    68.9   115.0   134.2   331.2   420.5   480.6   528.3   582.3   652.4   908.1  1535.5  5497.0 31186.5  32989.1    32864
read      384.7   550.9    68.9   117.0   138.3   342.8   425.9   473.8   513.0   562.8   624.0   723.6  1363.3  3066.9 29369.0  42058.0    42033
read      373.5   496.0    63.8   117.0   138.9   342.5   426.2   472.0   509.3   555.4   614.4   697.8  1006.7  2402.6 29502.3  43833.0    43808
read      376.9   444.0    63.8   118.3   141.0   348.9   434.4   480.7   518.0   564.3   624.7   711.8   943.2  2077.6 28301.2  45898.5    45785
read      398.1   600.5    68.9   121.0   144.3   357.0   449.5   502.1   542.3   592.2   660.5   754.9  1098.4  3148.9 29741.6  35556.2    35582
read      579.7   784.4    63.8   130.9   160.5   433.6   578.8   687.6   781.2   929.5  1165.2  1536.3  2285.8  4886.3 30319.7  38536.3    38504
read      399.2   893.3    68.9   136.4   160.1   364.0   438.6   475.7   501.0   532.8   575.2   652.0   906.1 12601.9 31397.6  15353.0    15320
read      374.2   495.2    63.8   117.9   140.5   332.4   422.2   474.3   512.4   561.2   628.2   732.6   982.8  2791.4 29096.7  74300.0    74264
read      382.7   565.5    63.8   117.4   140.9   349.2   433.4   482.3   518.3   562.5   622.0   722.3   990.7  2423.6 29528.0  43997.5    43890
read      391.9  1532.9    74.4   155.6   185.1   299.7   335.1   354.6   368.8   386.7   408.7   449.6   613.0 29412.3 35131.2   5991.0     5962
read      396.1   460.6    63.8   123.0   148.0   367.1   452.8   504.1   540.6   583.9   641.6   746.9  1021.8  2150.8 28606.0  38352.2    38365
read      380.7   437.4    63.8   118.3   140.8   344.6   435.1   486.9   526.0   571.9   632.1   737.4  1013.7  2487.6 28243.4  55915.9    55971
read      369.0   667.3    68.9   117.6   139.8   339.3   421.7   466.1   499.6   537.8   581.9   649.0   843.9  3525.8 30401.2  23149.2    23217
read      359.4   482.5    59.1   117.7   140.4   320.2   400.8   449.3   486.6   534.6   598.3   702.6   914.2  2449.4 29228.0  87751.1    87681
read      357.5   445.0    63.8   118.8   142.1   318.2   397.7   446.0   483.6   531.4   595.3   698.0   918.0  2613.6 28686.9  91660.0    91728
read      357.1   397.3    63.8   120.7   144.8   319.3   398.8   447.4   485.3   532.9   597.1   698.9   916.7  2085.2 24335.7  96509.0    96668
read      364.3   346.0    63.8   119.3   142.2   325.9   411.6   462.5   502.1   551.2   618.2   723.9   964.1  2250.2 12851.3  80606.6    80475
read      386.4   666.5    63.8   118.6   140.9   351.6   440.0   491.3   528.4   571.7   623.6   697.5   933.0  3958.1 30034.2  27152.4    27150
read      374.3   457.5    68.9   116.5   139.2   341.4   428.5   477.5   514.7   560.4   620.5   708.8   969.3  2429.7 28742.9  53521.6    53444
read      378.3   681.6    68.9   118.6   140.9   342.7   430.6   478.6   513.0   551.3   600.8   672.9   891.2  5028.8 30054.0  23833.4    23737
read      361.6   378.4    63.8   119.0   142.1   324.3   407.2   457.8   497.0   544.9   611.2   715.0   931.5  2105.0 16929.2  87925.0    87776
read      365.2   418.7    63.8   119.0   141.7   327.3   412.2   463.6   503.1   551.9   619.4   721.1   934.8  1877.3 28482.5  82011.7    82175
read      353.4   441.7    63.8   118.3   141.3   315.4   393.8   441.9   479.4   527.2   589.4   685.8   889.3  2448.7 28727.8  98674.5    98548
read      376.3   616.2    63.8   115.0   136.3   344.6   430.8   481.0   519.0   563.4   618.8   698.4   896.2  2511.2 29994.2  37630.9    37704
read      373.7   455.8    63.8   117.8   140.1   335.7   428.3   481.0   521.3   569.7   630.8   726.7   960.1  2192.9 28821.7  64786.0    64701
read      373.7   449.7    68.9   118.3   140.3   333.7   425.9   480.0   520.6   569.8   632.8   732.1   968.0  2245.6 28590.7  68898.9    69089
read      363.8   391.4    63.8   120.8   144.3   325.4   409.2   460.5   500.6   549.7   616.2   718.6   932.2  2182.8 25699.9  89684.0    89785
read      372.8   644.8    68.9   126.4   150.6   352.2   426.6   466.2   494.4   525.9   564.0   621.2   748.4  5426.8 30076.5  16656.6    16676

Total QPS = 50230.1 (90414144 / 1800.0s)

Total connections = 64
Misses = 0 (0.0%)
Skipped TXs = 0 (0.0%)

RX 22332293815 bytes :   11.8 MB/s
TX          0 bytes :    0.0 MB/s
Warning! Detected max cpu usage > 95%
CPU Usage Stats (avg/min/max): 99.96%,47.74%,100.00%