ubuntu@client-measure-s921:~/memcache-perf-dynamic$ ./mcperf -s 10.156.0.3 -a 10.156.0.2 --noload -T 16 -C 4 -D 4 -Q 1000 -c 4 -t 1800 --qps_interval 10 --qps_min 5000 --qps_max 100000
Random waveform, random seed
Total number of intervals = 180 (28975, 38481, 23638, 36454, 55424, 54016, 37812, 75728, 38526, 5380, 28098, 34711, 22898, 42210, 78967, 45502, 17600, 8533, 9923, 98338, 26615, 91059, 58807, 5962, 34581, 18368, 92050, 80981, 67742, 69753, 41519, 51609, 59200, 56785, 26776, 52732, 24193, 43644, 58406, 7879, 44257, 94953, 50390, 84467, 42008, 18679, 11365, 9665, 42961, 65249, 52117, 39440, 78371, 89669, 61416, 53619, 16604, 87404, 8488, 23150, 95653, 30112, 57057, 31998, 31527, 89270, 17782, 35727, 99420, 72244, 95743, 15889, 43104, 92225, 80025, 49884, 50125, 10326, 36425, 35339, 30186, 64761, 29062, 84576, 69600, 26008, 57626, 97817, 6977, 80881, 97335, 77101, 23507, 11815, 76008, 94950, 85308, 17945, 20947, 20977, 63311, 75142, 69326, 90269, 88042, 90019, 60663, 36804, 48060, 71972, 84229, 30181, 79468, 13828, 76448, 69248, 13442, 51982, 51337, 41428, 56488, 69792, 25812, 86944, 64959, 24142, 49124, 93575, 71581, 82678, 96376, 16402, 21669, 7998, 56582, 28344, 80423, 96815, 78184, 79364, 70210, 20019, 98827, 74443, 5643, 92102, 98608, 13557, 95982, 47764, 31892, 54676, 25104, 68273, 61800, 50073, 76828, 90303, 81404, 54772, 9768, 60566, 9700, 51454, 10429, 55213, 18567, 22271, 51997, 21622, 68864, 20482, 95889, 9430, 82230, 69827, 50147, 96315, 37901, 46815)
Average QPS expected = 52009
Timestamp start: 1622057525094
Timestamp end: 1622059325557

#type       avg     std     min      p5     p10     p50     p67     p75     p80     p85     p90     p95     p99    p999   p9999      QPS   target
read      357.8   646.2    63.8   103.8   117.0   253.1   352.9   415.4   467.6   538.6   645.9   829.7  1587.5  8307.0 30113.8  29009.0    28975
read      461.2   981.2    63.8   102.7   117.9   278.3   374.1   452.4   526.9   683.1   958.9  1262.8  3459.2 13722.7 31767.9  38569.7    38481
read      401.7   800.3    63.8   101.5   116.2   266.1   367.6   453.4   542.3   664.1   783.9   934.3  1772.3  8445.9 31724.7  23614.7    23638
read      445.9   799.0    63.8   104.2   120.3   284.8   376.7   457.0   540.3   774.8  1016.9  1231.2  2125.4  7952.3 30172.7  36425.8    36454
read      459.4   634.2    63.8   103.2   120.5   281.9   369.5   442.2   530.5   823.2  1221.8  1510.3  2027.9  6039.2 21131.3  55449.6    55424
read      472.6   797.9    63.8   103.1   120.3   279.4   365.9   434.6   508.5   745.6  1215.8  1581.1  2546.1  7800.2 30851.2  54053.9    54016
read      419.5   745.6    63.8   102.3   117.2   269.2   358.3   425.4   487.2   609.1   911.5  1224.6  2161.6  7713.6 30907.5  37882.4    37812
read      561.7  1157.9    63.8   118.5   146.1   315.2   396.7   466.1   538.9   652.9  1167.0  1922.4  4607.4 13855.3 35525.9  75754.2    75728
read      440.9   937.3    63.8   102.2   117.2   262.8   350.8   413.9   471.2   569.3   836.7  1232.8  2892.4 11059.1 32214.3  38589.8    38526
read      360.4  1270.8    74.4   122.5   146.5   239.8   293.6   327.3   352.2   382.3   423.2   495.6  2565.4 28230.3 35884.3   5381.2     5380
read      385.5   683.1    63.8   105.3   120.3   272.0   367.3   434.8   496.4   590.0   722.5   922.0  1734.7  7092.3 31542.2  28119.7    28098
read      444.0   916.8    63.8   105.6   121.4   279.1   368.5   428.6   481.7   567.9   767.3  1106.8  3453.2 10161.5 32238.6  34742.0    34711
read      393.4   815.6    63.8   105.2   119.4   269.7   366.0   432.6   490.9   578.4   698.8   899.2  2652.7  7792.7 32030.2  22921.8    22898
read      442.3   900.1    63.8   104.4   119.3   268.9   361.0   423.6   478.1   570.2   813.1  1229.3  3894.3  9376.0 32192.1  42236.9    42210
read      657.3  1428.9    63.8   138.0   174.7   349.5   434.1   508.5   585.3   683.9   978.6  1919.0  6088.1 17364.5 35563.4  79041.8    78967
read      460.1   902.1    63.8   105.8   121.6   280.4   374.0   445.0   511.7   632.3   957.0  1355.2  3630.7  8580.4 31891.1  45557.1    45502
read      385.9   786.8    63.8   103.7   119.0   268.8   373.9   450.2   519.8   600.0   686.9   807.7  1670.2  8710.7 32258.5  17640.2    17600
read      367.4  1331.2    68.9   116.2   135.9   242.2   306.3   346.3   377.6   416.3   467.9   563.9  2210.1 28866.4 36515.6   8538.9     8533
read      382.9  1156.2    68.9   113.4   132.7   254.1   328.0   375.5   412.6   459.6   524.6   657.0  2759.7 22081.3 35996.4   9903.3     9923
read      395.9   610.1    63.8   120.1   147.1   329.8   401.2   445.1   483.2   538.8   620.5   748.6  1529.4  7937.9 29345.1  98212.6    98338
read      435.8  2275.0    63.8   105.9   120.6   277.5   372.6   446.9   515.2   643.8   821.9  1032.2  2487.8 12915.1 31584.2  26606.8    26615
read      422.2   738.4    63.8   120.6   147.9   335.7   408.9   456.4   497.3   557.7   645.3   804.4  1965.3  8745.8 31567.6  90957.8    91059
read      502.1   891.2    63.8   110.1   130.9   307.0   393.8   458.2   521.5   637.8  1106.3  1702.5  3375.4  9299.9 31907.5  58806.0    58807
read      286.4   722.6    74.4   118.6   142.1   226.1   268.6   296.3   317.9   343.7   378.4   439.1  1176.1  7713.3 31573.1   5947.7     5962
read      435.5   932.9    63.8   106.0   121.4   276.1   366.2   430.4   489.6   581.8   793.2  1151.5  2596.6 10889.1 32085.9  34465.8    34581
read     1182.4  3260.8    68.9   109.8   130.0   330.5   491.8   672.3   898.9  1700.5  2828.8  4242.2 14262.5 36072.2 48479.0  18375.0    18368
read      552.8   988.0    63.8   137.6   182.5   400.9   498.6   602.1   694.6   796.9   920.2  1162.6  2377.8 12463.2 32477.1  91815.6    92050
read      503.3  1154.4    63.8   121.5   150.7   347.5   422.9   475.1   526.3   599.6   700.7  1081.3  3393.3 14242.2 34024.2  80929.2    80981
read      539.1  1116.6    63.8   117.2   139.5   311.8   397.9   465.5   535.7   658.1  1145.5  1764.8  3451.8 11069.0 34261.1  67662.4    67742
read      583.7  1289.9    63.8   120.9   146.1   318.5   405.5   474.7   547.2   670.7  1149.8  1920.7  4550.9 15997.8 35945.4  69759.7    69753
read      436.6   901.8    68.9   107.2   122.3   275.3   370.3   438.2   499.7   597.3   858.1  1257.1  3314.5  7958.1 32659.8  41583.2    41519
read      507.8  1106.4    68.9   108.8   125.7   287.3   378.8   446.0   509.9   635.6  1096.5  1594.7  3722.0  9538.9 36859.1  51649.2    51609
read      547.3  1263.5    63.8   111.7   129.9   294.9   385.6   454.3   520.6   627.5  1004.2  1693.3  4621.8 15573.0 36440.1  59219.0    59200
read      534.5  1104.1    63.8   111.0   129.6   298.3   391.3   460.2   527.9   655.3  1128.2  1712.9  4063.9  9645.7 32462.8  56717.8    56785
read      431.9   990.0    68.9   103.7   117.9   267.4   359.7   422.7   476.0   561.4   719.3   982.2  3972.3 14276.3 33505.6  26868.5    26776
read      506.4  1109.1    63.8   108.0   124.8   284.8   375.7   439.4   497.9   589.1   884.7  1522.8  4361.4 11434.9 33953.8  52703.4    52732
read      408.2   837.9    68.9   106.2   120.8   273.3   371.8   441.7   505.0   605.8   746.8   941.3  2503.1 10010.5 32364.9  24175.3    24193
read      454.8   847.1    63.8   107.4   123.6   291.2   384.4   456.7   523.3   638.3   957.2  1313.9  2806.1  9352.2 31756.4  43585.6    43644
read      503.7   794.4    63.8   110.6   129.2   298.5   397.5   482.7   573.7   819.2  1263.5  1612.9  3072.8  7745.1 30975.4  58430.9    58406
read      384.0  1095.2    74.4   118.1   145.7   261.1   324.3   368.2   401.0   443.4   501.9   593.6  3468.4 14872.0 36727.0   7873.0     7879
read      454.4   711.0    63.8   106.3   122.9   291.5   388.7   468.3   557.2   761.7  1030.5  1323.0  2190.5  7852.2 29837.9  44235.8    44257
read      508.2  1265.6    63.8   128.5   163.1   351.2   418.6   466.9   514.8   586.0   680.2   835.3  4854.4 16741.2 36946.6  95092.8    94953
read      484.7   820.7    63.8   110.9   130.6   320.7   413.1   483.3   550.7   694.0  1098.9  1497.1  2127.0  9329.9 31677.3  50286.9    50390
read      487.5  1184.6    63.8   120.7   149.3   344.5   418.6   468.1   513.4   579.8   675.8   890.6  3567.7 15884.3 36709.2  84540.4    84467
read      493.8   893.6    63.8   108.8   126.6   308.3   400.8   486.9   578.1   865.2  1179.2  1419.9  2244.8 10539.9 31879.8  41990.1    42008
read      378.1   671.6    63.8   108.8   124.5   277.5   370.7   434.3   493.4   578.1   677.8   822.8  1525.7  6755.3 31930.4  18697.1    18679
read      383.4   959.3    74.4   113.6   132.6   275.6   352.4   407.0   448.7   497.7   563.6   688.0  2260.6 11341.1 36936.4  11337.2    11365
read      353.8   812.4    74.4   119.1   141.4   273.8   342.7   387.8   421.2   461.3   513.5   603.5  1488.1 11905.4 35209.6   9703.0     9665
read      504.6   751.8    63.8   109.7   128.6   327.6   422.4   506.8   600.0   986.4  1278.5  1531.4  1946.8  7736.6 31033.3  42942.6    42961
read      438.0   709.5    63.8   111.5   132.3   319.4   402.4   458.3   506.8   576.8   692.7  1315.1  2215.1  8240.0 31146.5  65168.9    65249
read      983.1  1667.0    63.8   132.9   179.9   719.9  1067.5  1229.1  1352.8  1528.5  1825.4  2334.5  4897.0 30508.2 37579.8  52147.0    52117
read      451.8   720.1    63.8   106.9   123.0   298.6   393.7   468.5   538.3   673.6   998.4  1310.0  2181.3  7903.5 30039.0  39442.9    39440
read      622.9  1268.4    63.8   134.6   169.1   343.1   432.8   516.8   598.4   725.7  1427.8  1931.5  5711.1 14476.7 35734.7  78490.4    78371
read      630.0  1414.4    63.8   156.4   208.4   375.5   450.7   526.1   603.9   687.9   826.5  1653.0  6447.5 16760.2 36653.1  89641.1    89669
read      513.2   820.3    63.8   113.9   135.7   311.8   404.6   477.2   547.1   701.2  1227.1  1730.4  2691.3  9233.7 30636.0  61456.7    61416
read      459.0   727.6    63.8   107.8   124.6   281.7   373.2   438.6   502.9   613.0  1041.3  1554.5  2539.7  6989.7 29411.3  53678.1    53619
read      339.3   567.9    68.9   107.0   121.7   264.3   341.6   391.2   432.1   490.8   575.7   707.2  1205.0  6749.5 30535.8  16729.3    16604
read      493.6  1037.0    63.8   124.1   155.0   356.3   428.8   477.5   525.0   597.1   702.5   939.0  2982.1 12802.4 32093.3  87143.0    87404
read      329.5   690.2    68.9   119.7   142.9   256.4   309.2   342.1   368.4   400.7   448.0   531.8  2287.2  7981.3 31663.0   8502.3     8488
read      395.2   847.8    63.8   102.9   117.3   272.2   364.6   425.3   474.6   549.2   673.0   869.6  2669.0 10478.2 36091.9  23064.4    23150
read      425.4   783.8    63.8   121.4   150.5   342.7   415.5   460.1   498.4   554.2   640.7   785.6  2373.8  8780.2 32015.9  95505.2    95653
read      434.0  1107.5    68.9   105.2   118.9   265.4   364.8   431.8   487.9   578.9   744.6  1022.9  2918.5 13490.9 32495.6  30117.9    30112
read      538.9  1302.3    63.8   110.6   129.2   296.6   391.9   464.0   534.9   678.7  1165.8  1704.9  3562.0 28922.7 36681.6  57056.9    57057
read      427.7   995.5    63.8   104.9   119.0   268.7   363.6   429.3   486.3   574.1   747.5  1047.4  2949.7  9906.1 36065.1  31971.1    31998
read      373.8   849.5    68.9   104.6   118.3   256.3   353.7   413.1   459.8   527.0   641.7   865.0  2289.7  9349.4 32498.8  31507.5    31527
read      589.8  1369.8    63.8   145.0   188.7   375.7   444.8   502.9   568.0   656.1   765.4  1406.6  5610.2 17437.5 36073.4  89347.7    89270
read      498.3  1463.5    68.9   110.0   125.3   293.8   399.1   482.0   550.6   636.2   754.7  1016.4  3457.9 28846.0 38312.0  17761.8    17782
read      488.7  1197.0    63.8   108.1   124.5   291.5   385.1   453.8   512.8   608.5   865.6  1258.3  3268.1 17799.6 34809.7  35702.8    35727
read      393.6   553.7    63.8   120.5   147.2   326.8   398.2   443.0   480.4   534.2   610.4   732.8  1936.8  7060.3 24095.7  99415.2    99420
read      585.9   944.6    68.9   130.8   160.8   339.5   435.4   530.7   624.2   864.4  1431.1  1855.5  3476.8  8700.1 31749.2  72251.8    72244
read      518.5  1132.4    63.8   137.1   175.7   363.0   430.1   482.1   539.2   617.3   710.8   888.2  3968.5 15481.3 32413.9  95600.1    95743
read      392.9   779.4    68.9   108.6   123.8   281.0   377.8   451.6   512.6   578.9   663.4   813.9  2292.3 11193.4 31669.9  15928.8    15889
read      511.3   987.0    63.8   109.2   125.8   301.3   399.6   469.9   535.6   658.3   999.7  1486.9  3485.1 10575.2 31881.2  43089.4    43104
read      605.4  1424.0    63.8   150.2   197.7   374.0   447.4   510.3   578.5   657.7   767.0  1428.5  6871.7 18624.1 36645.3  92184.9    92225
read      657.2  1543.6    68.9   142.0   180.4   354.6   437.3   515.7   592.0   683.9  1000.2  1838.0  6855.4 28758.0 37109.0  80150.6    80025
read      532.9  1057.8    63.8   109.8   128.1   304.7   398.7   470.5   544.6   686.9  1124.7  1613.9  3750.2 10643.0 32410.1  49970.4    49884
read      485.1   930.5    63.8   107.1   123.6   282.4   375.0   442.1   505.3   611.6   952.8  1481.8  3666.3  8778.4 31675.6  50055.5    50125
read      332.6   687.1    68.9   114.0   134.2   261.8   324.4   365.3   397.7   439.7   496.5   588.1  1411.0  7563.5 31495.5  10405.1    10326
read      474.7  1212.3    63.8   107.2   123.5   290.4   380.1   442.5   493.9   569.5   748.9  1157.2  3684.9 15885.2 37028.7  36272.3    36425
read      441.4  1072.6    63.8   104.2   119.5   277.8   368.1   432.5   488.3   572.4   784.8  1127.2  3526.0 11758.7 32942.2  35357.4    35339
read      449.8  1076.4    63.8   104.5   119.0   275.4   370.7   434.6   490.9   576.5   760.1  1056.2  3617.3 12174.3 35433.9  30153.0    30186
read      535.8  1029.2    63.8   119.0   142.4   319.7   409.7   482.2   557.2   706.3  1243.0  1723.5  3565.5 11371.1 32488.2  64828.9    64761
read      468.3  1112.9    63.8   110.1   125.6   285.9   381.9   446.0   502.1   585.2   757.2  1095.4  3687.0 12709.3 35214.5  29088.6    29062
read      645.6  1531.4    63.8   148.2   191.0   365.2   448.0   524.0   595.0   682.7   857.8  1717.1  7162.9 27602.9 37278.8  84395.1    84576
read      556.7   930.6    63.8   123.8   150.4   326.4   420.0   504.2   593.6   811.0  1384.4  1798.8  3583.8  8674.4 31985.0  69558.1    69600
read      400.8   913.5    63.8   105.0   118.7   266.2   364.8   430.4   484.8   571.4   714.5   918.0  2687.8 11569.9 35964.9  26030.3    26008
read      514.0   956.2    63.8   112.9   133.5   308.0   399.2   475.3   552.0   732.2  1217.8  1604.1  3573.0  9929.6 32051.8  57709.9    57626
read      500.1  1029.6    63.8   136.8   175.7   366.0   434.3   484.6   535.8   611.7   708.3   872.6  3653.4 12701.5 32218.1  97727.1    97817
read      326.1   929.0    74.4   120.7   147.0   242.5   288.0   317.0   339.9   368.7   408.6   484.3  2184.3 12647.7 32084.5   6936.3     6977
read      641.8  1429.8    63.8   139.4   177.7   349.1   434.9   517.5   592.3   688.4  1213.1  1811.1  6154.0 19647.0 36386.8  80839.5    80881
read      494.9   989.3    63.8   135.9   173.3   368.0   435.2   484.1   535.4   613.3   711.5   863.5  3639.8 12673.3 32045.7  97292.4    97335
read      630.7  1319.9    63.8   136.2   170.6   343.5   428.2   507.9   585.0   688.9  1307.5  1917.8  5549.7 15032.7 33977.2  77065.2    77101
read      400.5   617.2    68.9   108.9   124.5   287.2   388.1   457.4   520.1   614.9   748.9   943.1  2173.4  7053.3 29868.9  23551.7    23507
read      434.9  1094.3    68.9   115.0   135.8   293.7   382.2   446.4   498.5   560.3   642.5   799.5  3505.9 14878.1 32467.8  11819.2    11815
read      524.8  1266.6    63.8   118.5   145.8   338.6   419.1   475.9   526.8   594.6   696.0  1367.5  4463.1 17276.4 36206.6  75935.0    76008
read      502.8  1116.7    63.8   130.5   166.8   363.5   434.1   486.2   535.8   609.8   714.4   912.0  3419.0 12822.6 35426.6  95088.7    94950
read      532.7  1405.8    63.8   125.5   158.3   359.8   433.3   482.6   528.6   596.0   694.7   878.1  4785.3 27410.6 37235.7  85176.0    85308
read      356.8   729.5    63.8   103.9   118.1   264.2   342.4   395.3   439.6   505.0   592.5   725.8  1850.5  7908.8 31794.5  17995.5    17945
read      351.8   656.9    63.8   104.7   118.8   267.4   350.0   402.4   444.7   504.2   602.0   759.5  1402.7  5109.4 35707.0  20866.3    20947
read      365.9   726.5    63.8   105.5   119.9   271.4   355.0   408.7   451.5   509.4   605.6   768.9  2014.7  8424.7 32168.7  20984.2    20977
read      498.0  1126.2    63.8   113.5   137.2   320.5   401.7   457.5   505.8   570.2   678.0  1424.5  3987.9 12664.7 32509.7  63438.8    63311
read      511.4  1150.8    63.8   119.3   146.6   331.7   411.6   468.3   520.1   587.9   690.8  1399.5  4169.2 12744.7 32489.0  75052.0    75142
read      497.5  1054.9    63.8   117.3   143.5   332.9   415.4   471.8   522.8   589.2   693.9  1419.6  3783.9 12646.2 32250.8  69493.7    69326
read      517.0  1152.2    63.8   129.4   164.6   361.4   433.4   487.0   541.6   622.7   729.7  1076.4  2978.9 13040.7 36140.3  90317.0    90269
read      507.1  1052.3    63.8   127.0   160.2   355.0   429.8   488.1   544.3   621.5   725.5  1390.7  2804.8 13244.6 32133.9  87985.7    88042
read      488.6   937.4    63.8   131.7   164.3   367.3   442.7   493.4   541.2   613.6   718.5   909.7  3119.0 12243.2 32768.7  89778.3    90019
read      472.8   740.1    63.8   114.5   136.9   317.8   405.5   465.6   518.7   596.2   823.8  1566.1  2738.7  8043.0 30528.5  60733.4    60663
read      503.1   793.6    63.8   110.6   129.9   318.8   429.8   535.1   698.1   972.2  1158.1  1357.9  1993.5  8766.3 31540.5  36823.8    36804
read      508.3   685.5    63.8   112.3   132.1   321.5   419.4   506.8   604.6   942.0  1320.5  1609.2  2172.5  6272.1 28956.6  48154.4    48060
read      498.9   906.6    63.8   117.5   143.8   339.7   422.9   481.6   535.8   610.3   736.4  1469.5  3673.8  9905.7 31442.8  71787.2    71972
read      539.2  1338.2    63.8   123.9   157.0   355.6   427.4   477.0   527.9   599.9   690.9   887.6  6457.3 16088.5 36212.1  84245.3    84229
read      375.5   623.8    68.9   103.4   117.4   276.6   372.4   433.2   481.8   544.9   649.4   848.5  2030.3  6238.1 28341.8  30128.5    30181
read      541.3  1314.1    63.8   120.1   150.7   340.3   418.5   476.1   531.6   604.6   711.9  1431.5  4878.1 16231.2 36830.6  79526.8    79468
read      326.3   834.1    68.9   106.1   120.8   249.1   312.0   349.8   380.4   421.9   480.7   585.6  1329.0 11560.7 31485.2  13919.5    13828
read      550.0  1411.3    63.8   121.2   150.6   349.0   427.3   482.1   533.1   602.9   705.2  1136.5  5118.4 27589.9 37483.3  76469.8    76448
read      549.6  1542.9    63.8   116.9   143.2   331.6   409.5   462.6   510.2   576.0   669.8  1141.0  5578.4 29277.9 36606.3  69067.4    69248
read      331.0   826.1    68.9   107.5   122.7   250.7   313.9   352.5   383.1   423.3   482.5   587.2  1600.1 10157.7 32349.7  13463.4    13442
read      552.8  1557.9    63.8   110.5   131.5   318.9   401.4   455.5   501.6   564.5   670.6  1397.8  4832.5 30093.2 39450.9  52024.1    51982
read      511.8  1366.4    63.8   109.2   128.9   311.5   394.9   447.1   492.5   550.3   645.1  1253.9  4286.8 28298.0 36686.6  51355.9    51337
read      492.5  1356.7    59.1   107.1   124.5   299.2   384.5   438.9   484.1   542.8   643.8  1095.8  3913.4 25328.5 37547.4  41410.2    41428
read      542.0  1369.5    63.8   113.3   136.0   330.9   415.5   469.7   518.8   585.3   697.5  1435.2  4594.2 24154.7 36378.8  56471.4    56488
read      523.1  1249.0    63.8   118.2   144.5   333.8   414.6   469.8   520.9   588.4   697.3  1418.9  3984.8 16099.1 37174.2  69746.4    69792
read      344.6   681.0    63.8   104.1   118.7   263.1   346.5   396.9   433.9   481.2   549.9   696.1  1434.9  8329.6 31150.8  25813.1    25812
read      539.2  1163.6    63.8   128.1   164.8   367.7   439.6   495.9   551.4   632.8   744.3  1102.1  4603.0 14486.4 35131.0  86877.4    86944
read      507.0  1142.8    63.8   113.6   137.8   328.6   408.6   461.4   506.6   570.4   670.1  1351.9  3866.2 13941.1 35281.0  65189.4    64959
read      327.6   464.4    63.8   104.2   118.9   260.2   338.1   385.8   421.5   466.5   534.9   663.2  1300.2  4021.9 19984.7  24050.0    24142
read      522.4  1293.0    63.8   110.1   130.8   329.3   409.8   464.0   512.5   579.0   686.4  1323.7  4264.8 19778.2 35312.6  49081.4    49124
read      497.0  1088.6    63.8   126.0   160.0   358.7   429.1   478.4   527.4   600.6   698.3   873.3  3735.4 12854.7 32467.9  93573.1    93575
read      517.3  1227.5    63.8   115.3   141.1   330.3   406.9   463.3   514.4   585.0   688.5  1388.9  4126.0 19103.1 34561.8  71602.9    71581
read      565.8  1503.1    63.8   125.6   159.7   357.2   429.9   484.0   537.7   612.3   714.5   966.6  6678.6 30168.7 37101.1  82746.5    82678
read      467.1  1073.1    63.8   126.3   159.0   353.5   422.7   467.2   508.8   574.9   667.0   808.8  3031.5 12040.5 36246.7  96265.2    96376
read      320.0   564.6    63.8   106.0   120.7   250.7   315.0   354.4   384.5   423.0   480.5   584.9  2575.1  3906.2 30205.3  16400.6    16402
read      350.0   717.2    63.8   105.6   119.9   266.3   348.0   398.9   437.3   488.5   566.7   718.4  1444.6  6628.9 31999.4  21674.3    21669
read      284.9   568.1    74.4   121.8   143.6   241.7   281.3   303.7   320.7   342.2   372.2   432.2   896.8  8427.1 30140.1   7927.1     7998
read      359.2   404.3    63.8   107.0   125.4   303.3   381.6   424.1   458.7   504.1   562.9   673.3  1709.6  4155.3 11463.2  56478.2    56582
read      348.1   495.5    63.8   105.2   121.6   289.3   360.4   409.1   445.5   487.4   542.2   707.6  1211.5  6141.1 14748.6  28402.4    28344
read      385.2   556.0    63.8   113.1   134.6   306.8   382.5   429.1   467.2   519.2   589.1   725.7  2203.4  6010.8 23616.3  80473.7    80423
read      380.9   530.1    63.8   117.4   142.4   314.0   384.7   430.1   468.1   521.3   591.8   709.0  1922.6  6513.5 19385.3  96777.7    96815
read      399.2   601.4    63.8   114.2   135.6   314.0   393.4   441.5   481.4   534.5   605.3   748.5  2437.7  6226.7 28031.3  78143.0    78184
read      391.0   592.8    68.9   112.3   132.8   307.6   383.7   430.2   469.1   522.2   591.2   733.1  2419.6  6479.8 30187.8  79428.7    79364
read      349.4   357.2    59.1   110.4   129.5   310.4   386.9   431.9   466.0   507.8   564.4   650.4  1359.3  3313.2 12646.4  70322.1    70210
read      311.4   247.2    63.8   112.8   132.0   288.5   356.5   397.2   424.5   454.5   492.0   551.5   783.7  2409.9  8658.1  20030.3    20019
read      324.6   223.7    63.8   114.3   134.7   298.6   369.3   409.1   440.4   481.1   540.5   631.0   803.5  1699.7  8009.8  99008.2    98827
read      327.6   237.2    63.8   110.2   128.2   301.7   378.1   421.2   453.8   494.5   546.9   626.2   821.3  2064.1  6804.8  74360.4    74443
read      257.7   292.6    74.4   135.7   159.6   240.5   270.9   288.8   301.7   316.8   336.8   367.6   457.9  4124.4 13009.4   5637.9     5643
read      320.3   236.8    63.8   113.4   133.1   293.6   361.6   402.5   435.7   478.8   537.1   620.8   779.4  2046.9  7473.6  92144.8    92102
read      392.0   307.5    63.8   119.1   144.0   333.8   413.0   466.4   521.0   600.9   722.8   883.2  1317.6  2275.2  7635.5  98518.3    98608
read      382.2   453.4    68.9   127.4   152.9   319.2   393.0   440.4   485.4   548.4   642.3   813.3  1265.3  4964.1 22997.9  13590.7    13557
read      320.9   207.8    63.8   114.3   134.7   294.5   362.1   403.0   436.5   480.6   539.2   623.4   782.8  1872.1  6778.3  95931.7    95982
read      316.1   200.2    63.8   107.0   125.2   299.2   367.6   406.4   436.6   473.1   518.8   583.1   754.7  1652.7  5942.4  47724.2    47764
read      315.1   251.9    63.8   107.8   125.7   295.2   362.3   404.2   436.7   473.9   518.2   580.3   748.0  1932.1  6647.9  31832.4    31892
read      319.4   240.2    63.8   108.2   126.6   299.3   371.9   411.8   442.0   478.7   526.0   590.3   759.6  1760.0  6850.4  54664.8    54676
read      305.6   295.6    63.8   109.2   127.2   281.1   351.7   393.1   421.7   453.4   491.8   547.5   718.2  2741.7 12545.0  25100.4    25104
read      333.4   252.3    63.8   111.2   130.7   308.3   383.6   426.2   458.3   497.7   548.3   623.5   839.5  2222.2  8881.4  68186.2    68273
read      331.2   245.2    63.8   110.2   129.4   307.1   382.0   423.4   454.5   492.6   541.2   615.7   899.7  2002.9  7890.4  61714.0    61800
read      329.4   227.1    63.8   109.2   128.3   310.6   379.6   419.2   449.3   486.1   533.3   603.3   882.9  1788.0  8184.8  50088.9    50073
read      347.0   252.1    63.8   112.3   132.3   316.0   391.8   435.3   469.4   513.9   576.8   673.1  1013.5  2406.8  7949.1  76879.8    76828
read      339.4   286.1    63.8   112.0   132.6   306.8   379.0   421.4   455.1   499.5   563.4   664.1   955.8  2456.2  9467.8  90256.4    90303
read      336.1   259.1    63.8   109.6   128.7   304.3   378.7   423.2   457.7   501.5   562.5   654.0   953.1  2345.2  8891.9  81422.0    81404
read      325.7   286.9    63.8   107.6   125.8   303.3   376.4   416.1   446.4   484.2   534.6   603.2   827.6  2107.0  9945.6  54809.6    54772
read      269.2   367.4    68.9   122.6   145.3   249.7   290.5   311.9   327.3   345.7   370.4   406.6   519.9  4290.9 12375.5   9694.2     9768
read      329.8   224.0    63.8   110.7   130.6   306.2   381.5   424.2   456.3   494.3   541.8   613.8   827.7  1794.1  6856.0  60596.2    60566
read      279.5   313.7    68.9   125.9   149.2   263.0   304.5   327.2   343.6   364.0   390.5   432.7   550.5  3911.4 10476.4   9727.6     9700
read      329.4   269.9    63.8   110.6   129.9   307.9   381.2   422.3   452.6   488.7   535.0   602.8   804.0  1981.4 10471.8  51463.0    51454
read      274.9   364.9    68.9   120.4   141.4   257.7   301.9   326.7   344.7   366.1   391.8   429.5   542.0  3738.6 15372.3  10490.1    10429
read      334.9   223.1    63.8   112.5   132.9   312.8   388.8   430.4   461.9   500.4   547.8   617.8   860.3  1804.2  6232.1  55005.1    55213
read      290.7   258.7    63.8   109.9   127.1   275.0   336.1   369.6   392.9   419.7   452.8   500.4   636.2  2489.9  9853.5  18578.0    18567
read      306.6   281.9    63.8   112.3   131.0   285.4   352.8   392.6   420.8   450.7   485.7   539.3   699.8  2391.7  9093.7  22274.1    22271
read      336.9   241.7    63.8   113.0   133.2   314.4   389.1   430.8   462.1   501.0   550.2   626.9   897.6  1803.4  7402.3  51919.8    51997
read      303.4   299.2    63.8   109.0   125.9   283.6   352.9   390.6   416.2   444.7   480.3   537.4   712.7  2216.3 11185.1  21621.1    21622
read      335.5   239.4    63.8   110.2   129.3   310.3   382.6   425.4   458.7   499.4   552.3   634.4   942.7  1944.9  7828.7  68874.7    68864
read      303.0   210.1    63.8   111.9   130.6   286.9   352.1   388.6   414.5   444.1   479.8   537.9   696.9  1635.1  8063.3  20503.4    20482
read      336.3   251.3    63.8   113.2   134.1   306.2   376.6   419.2   452.8   497.0   561.6   663.6   926.3  1982.1  8145.4  95942.7    95889
read      305.0   480.6    68.9   128.3   153.4   282.5   326.5   351.7   369.8   391.3   419.3   465.4   608.1  4842.0 29333.9   9451.1     9430
read      343.8   250.1    63.8   113.7   134.4   311.2   386.2   430.7   466.0   511.5   577.0   677.6  1003.6  1996.9  7387.8  82329.3    82230
read      334.2   247.0    63.8   110.7   129.8   306.7   382.7   426.9   460.1   500.5   553.0   633.8   934.1  1801.1  7631.6  69786.0    69827
read      323.8   221.2    63.8   109.8   129.4   305.5   376.1   415.5   445.2   481.6   529.1   594.2   783.0  1729.2  6413.1  50020.2    50147
read      339.7   250.0    63.8   114.9   136.6   306.2   377.0   420.0   454.6   500.4   566.7   669.8   962.9  2312.6  6808.3  96283.1    96315
read      314.1   227.7    63.8   107.8   126.1   298.0   363.4   401.7   432.1   468.3   513.6   576.4   744.4  1452.4  5766.8  37921.2    37901
read      325.1   222.2    63.8   109.6   128.9   308.2   375.9   415.4   445.4   481.8   528.2   594.1   796.1  1717.3  8331.7  46930.4    46815

Total QPS = 52003.8 (93606920 / 1800.0s)

Total connections = 64
Misses = 0 (0.0%)
Skipped TXs = 0 (0.0%)

RX 23120909240 bytes :   12.2 MB/s
TX          0 bytes :    0.0 MB/s
Warning! Detected max cpu usage > 95%
CPU Usage Stats (avg/min/max): 99.97%,49.50%,100.00%