ubuntu@client-measure-s921:~/memcache-perf-dynamic$ ./mcperf -s 10.156.0.3 -a 10.156.0.2 --noload -T 16 -C 4 -D 4 -Q 1000 -c 4 -t 1800 --qps_interval 10 --qps_min 5000 --qps_max 100000
Random waveform, random seed
Total number of intervals = 180 (11844, 79565, 15697, 48259, 84331, 30408, 7802, 84229, 36774, 17294, 9305, 62265, 73723, 61999, 65720, 98216, 71947, 49069, 23517, 88987, 8064, 22292, 28353, 35027, 6322, 96265, 58602, 66936, 96979, 79968, 51310, 73720, 24716, 11779, 44817, 11627, 47661, 18622, 97429, 42776, 90659, 88093, 76718, 46630, 71147, 9697, 97973, 75404, 6585, 51077, 52101, 62388, 51517, 29869, 62281, 52723, 66103, 72465, 13937, 14218, 84316, 67332, 17456, 58407, 17486, 6232, 16704, 71134, 73587, 58316, 5710, 69413, 27608, 58818, 87132, 88118, 30247, 50462, 68557, 85756, 46132, 61091, 98199, 72004, 55098, 75723, 45997, 73203, 62627, 73969, 20711, 45040, 47859, 12365, 96513, 35022, 30627, 70558, 84057, 90896, 80565, 10213, 28763, 87819, 34336, 80752, 16787, 39583, 15366, 86158, 59468, 86204, 67936, 89799, 69388, 75686, 9026, 30279, 17781, 22762, 27602, 48910, 6343, 73358, 23125, 57641, 75946, 90668, 33526, 56952, 76070, 94840, 42682, 39681, 37425, 36793, 46706, 25807, 96109, 86376, 12434, 26282, 6929, 33566, 63026, 41859, 72316, 76254, 50956, 96358, 96056, 53725, 93124, 94532, 93226, 94892, 60866, 22573, 81969, 49716, 75432, 95526, 82419, 12994, 32306, 66440, 26769, 20188, 94947, 39067, 81119, 11922, 73068, 82835, 68321, 97383, 33576, 45910, 37653, 61214)
Average QPS expected = 54007
Timestamp start: 1622065588207
Timestamp end: 1622067388802

#type       avg     std     min      p5     p10     p50     p67     p75     p80     p85     p90     p95     p99    p999   p9999      QPS   target
read      384.1   786.9    74.4   111.9   132.1   286.9   364.3   414.5   454.8   504.7   578.2   728.5  2244.0 10516.7 31950.4  11810.7    11844
read      733.2  1898.0    68.9   155.6   200.7   368.1   452.6   521.4   589.3   667.9   812.2  2035.0  8573.8 30747.0 38137.7  79477.9    79565
read      562.2  1454.2    68.9   106.8   124.3   300.1   398.7   470.0   538.6   632.9   797.8  1852.7  4069.4 25060.3 37543.4  15753.5    15697
read      539.1  1139.6    63.8   107.1   123.6   297.0   400.1   475.1   542.9   670.3  1060.2  1667.1  4132.5 11554.7 32371.6  48352.2    48259
read      720.9  1755.6    68.9   174.2   222.3   374.9   457.8   536.6   606.9   690.4   850.1  1908.2  8342.6 30302.6 36951.8  84287.4    84331
read      445.3   974.3    68.9   102.9   116.9   277.1   380.7   448.5   500.0   581.3   762.0  1098.7  3729.4 12151.9 35632.5  30314.9    30408
read      386.0  1159.5    74.4   120.9   149.5   268.4   328.6   368.2   397.9   435.8   492.7   620.9  2246.1 24228.9 34068.2   7813.2     7802
read      671.0  1517.4    68.9   160.7   211.7   381.4   462.2   542.0   618.0   706.2   855.9  1753.8  7854.2 21383.3 36399.3  84225.7    84229
read      484.7  1062.6    63.8   103.9   119.0   284.4   385.1   455.7   514.8   616.1   894.0  1297.0  3970.3 10724.7 32470.4  36861.7    36774
read      411.2   820.8    68.9   103.1   117.9   289.5   379.7   437.4   489.9   565.2   672.1   864.0  2935.2  9421.2 32039.3  17233.6    17294
read      376.1   877.8    74.4   115.0   137.6   277.5   339.4   378.8   411.9   454.6   517.3   651.2  2438.2 10630.2 35445.5   9318.2     9305
read      674.7  1564.1    68.9   119.5   144.5   325.1   418.3   501.8   583.9   746.0  1432.2  2290.1  6047.0 26098.0 36547.8  62116.1    62265
read      710.3  1506.8    68.9   143.9   180.9   355.9   453.9   549.5   637.8   800.6  1489.4  2393.2  6299.0 22011.5 36105.6  73647.7    73723
read      662.0  1484.7    68.9   120.4   145.7   332.8   428.0   508.2   593.3   753.9  1369.1  2214.6  5690.5 24590.7 35643.6  61951.6    61999
read      639.6  1347.1    68.9   121.0   147.4   327.7   421.7   502.6   585.7   736.7  1394.1  2169.6  5172.7 13737.1 36226.6  65721.1    65720
read      485.6   975.1    68.9   135.5   171.9   365.3   434.6   483.0   530.5   602.0   701.5   857.7  3198.4 12495.0 32336.1  98323.6    98216
read      673.0  1481.6    68.9   134.7   168.0   353.9   443.3   521.6   602.8   728.2  1326.9  2242.5  5816.8 24307.4 36795.6  71878.6    71947
read      573.0  1286.0    68.9   109.4   127.2   300.4   400.5   475.0   542.4   661.9  1105.1  1816.7  4550.8 14056.6 34788.8  49074.7    49069
read      430.9   875.0    68.9   104.6   119.3   293.8   399.8   462.6   513.0   593.0   737.4  1005.7  3156.0  8341.7 32090.2  23466.8    23517
read      502.4  1045.8    68.9   129.0   161.7   365.4   439.7   491.0   539.6   613.7   719.3   921.1  3459.2 12653.9 32165.7  89045.1    88987
read      353.0   754.0    68.9   122.2   150.9   273.0   332.0   370.0   397.9   433.1   485.6   589.6  1837.0  8099.6 32010.0   8055.6     8064
read    10718.2 286726.7    68.9   107.7   123.0   287.8   382.3   440.9   486.0   544.7   641.2   865.6  2519.7 4568444.7 4811899.1  22262.8    22292
read     1332.8 69437.3    68.9   207.0   259.1   372.4   460.0   557.3   612.2   660.0   716.7   839.9  5910.5 32236.2 46711.5  28434.5    28353
read    14532.8 451337.1    68.9   157.9   221.9   389.0   469.5   531.9   584.2   637.0   707.8   861.8  2276.4 4482037.3 4803258.4  35049.9    35027
read     1194.1  4575.6    74.4   145.4   195.5   380.0   473.5   593.5   671.7   752.1   843.8  1007.7 29378.1 41579.7 51011.9   6277.2     6322
read     4235.1 150347.5    68.9   291.2   318.9   425.9   489.5   581.7   659.8   727.8   796.4   881.1  1199.0 31681.5 4781419.6  96140.0    96265
read     1200.2 84763.5    86.8   275.9   300.2   428.9   494.5   563.7   626.9   709.6   794.2   884.2  1229.9 29213.9 44128.1  58552.5    58602
read     4887.3 198093.4    86.8   297.1   320.9   427.2   496.0   580.3   658.4   728.8   794.1   872.4  1080.8 29786.5 4770609.7  66921.2    66936
read     1905.9 107423.1    93.8   301.6   325.7   436.4   500.6   599.7   678.9   750.4   816.5   901.2  1209.8 28644.8 4618938.0  96980.7    96979
read     5511.1 227135.9    86.8   290.8   317.3   425.9   485.4   559.8   639.6   713.9   783.7   865.6  1078.2 29823.2 4765009.7  80037.4    79968
read     1559.2 105878.1    80.4   254.9   275.6   382.8   467.3   544.6   589.4   635.9   696.1   787.9   997.3 28478.3 4498946.0  51222.4    51310
read     6295.1 228575.1    86.8   279.8   307.9   426.6   501.9   579.7   652.3   731.4   793.8   866.1  1076.3 29852.8 4782714.8  73737.0    73720
read     7875.0 286900.3   101.3   290.6   322.6   425.7   484.4   572.0   677.0   749.4   803.7   878.4  1269.2 36278.7 4783080.4  24782.9    24716
read    21581.3 445173.8    86.8   315.3   340.3   436.0   523.9   662.2   726.3   779.7   843.2   958.9 28454.3 4674154.7 4822470.1  11815.7    11779
read     1402.2 75885.3    93.8   317.8   340.9   434.5   507.5   616.4   699.8   759.5   820.7   914.2  1307.5 29687.1 4510980.7  44834.4    44817
read    19810.3 398193.4   101.3   302.1   332.2   453.0   552.7   672.2   752.0   822.5   902.0  1043.5 28289.2 4683022.5 4823356.9  11614.9    11627
read     4780.6 174127.0    80.4   293.4   323.0   438.5   505.5   595.1   685.0   763.9   836.4   929.1  1453.5 31872.3 4776467.6  47762.6    47661
read     9483.4 237355.8   101.3   309.5   338.4   444.6   516.0   644.2   728.3   791.0   852.5   940.2  2354.8 4583043.4 4813359.0  18705.3    18622
read     1457.9 96501.6    93.8   259.3   284.2   419.2   488.2   547.5   597.1   664.4   751.7   856.3  1078.8 13712.4 4314121.6  97504.0    97429
read     6135.3 216472.5    86.8   245.2   264.5   371.3   479.5   547.7   584.8   625.7   687.3   814.3  1107.4 31085.1 4785656.0  42820.3    42776
read     4979.1 231371.5    86.8   255.9   276.2   391.4   466.2   533.2   578.5   626.1   689.9   799.5  1003.8 29000.8 4751312.9  90707.4    90659
read     2924.8 156793.1    80.4   254.9   275.9   372.8   458.0   532.7   581.4   627.8   683.6   781.6  1014.1 29232.3 4702645.2  88222.7    88093
read     1937.6 91945.4    93.8   266.4   293.5   442.8   508.3   572.0   626.4   708.5   813.3   911.0  1138.0 28729.8 4685261.2  76749.7    76718
read     2980.4 122760.4    93.8   268.6   296.4   448.7   516.9   583.4   646.1   744.4   837.1   938.6  1326.3 29451.4 4609732.6  46682.3    46630
read     5739.2 192593.7    86.8   327.9   354.0   449.7   530.4   647.9   734.9   795.0   854.3   940.0  1307.6 29919.6 4790947.4  71245.2    71147
read    20887.2 374849.0   118.1   340.3   361.6   450.8   545.4   718.3   781.3   832.3   887.4  1002.0 28941.7 4711675.6 4826222.2   9693.6     9697
read     2343.4 109208.5    86.8   336.8   359.3   443.5   496.4   586.8   719.8   787.1   843.0   916.9  1186.4 28744.3 4701988.5  97818.2    97973
read     2993.8 134258.9   101.3   331.3   353.6   436.8   494.4   595.7   714.3   777.5   834.6   913.5  1400.8 29680.5 4733300.3  75455.2    75404
read      829.1  2593.6   148.8   335.6   357.3   454.0   631.0   742.6   788.8   837.8   901.0  1034.1  8182.1 32611.8 39666.8   6578.8     6585
read      530.1   564.8    93.8   322.9   347.2   429.6   480.5   583.8   699.6   763.4   815.9   882.6  1155.5  7424.7 29484.2  50959.1    51077
read      499.9   599.0    74.4   279.2   312.6   413.5   461.6   523.1   620.1   704.0   772.5   850.9  1138.3  7494.5 30828.7  52076.7    52101
read      444.3   716.1    68.9   142.1   184.6   364.7   431.1   490.2   554.4   630.3   710.3   809.0  1458.9  9212.3 31519.6  62359.5    62388
read      509.9  1217.4    68.9   116.3   138.8   324.3   413.4   475.0   526.4   590.8   689.1  1078.2  4218.2 15834.3 36075.9  51481.0    51517
read      417.4   901.0    63.8   105.9   120.9   282.9   376.1   434.9   479.1   538.2   651.3   961.2  3647.5 11536.0 32432.1  29873.5    29869
read      574.7  1171.1    68.9   116.4   139.0   314.6   403.9   476.6   547.1   678.5  1268.2  1859.1  4443.9 12956.9 35163.6  62454.2    62281
read      483.2   924.3    68.9   109.1   125.9   287.8   381.0   447.4   503.8   590.6   884.0  1480.3  3960.6  8749.4 31698.5  52676.2    52723
read      610.0  1284.5    63.8   120.2   144.5   320.6   406.1   476.2   547.6   664.0  1124.2  2148.3  5038.5 14021.5 32266.6  66097.8    66103
read      607.9  1178.0    68.9   128.8   157.5   334.2   420.1   496.6   576.7   709.6  1336.5  2032.1  4745.4 12361.5 35605.6  72422.8    72465
read      369.2   780.9    68.9   106.3   122.9   292.9   366.1   411.7   447.3   493.0   558.2   676.3  1843.5  8530.9 32040.6  14018.7    13937
read    17729.6 291215.5    68.9   155.9   230.4   412.7   502.8   589.9   656.4   734.2   867.8  1245.2 28788.5 4681907.3 4823245.4  14239.1    14218
read     2141.7 78795.8    68.9   170.6   233.0   398.5   465.6   538.4   616.5   695.7   780.3   925.8  6791.6 29626.5 4131779.6  84329.6    84316
read      546.9  1077.4    63.8   185.4   266.9   412.1   461.6   521.5   645.4   733.9   800.8   894.9  2525.1 20904.9 33453.4  67502.0    67332
read     8446.6 180696.2    68.9   120.0   155.3   382.2   466.7   570.9   659.7   741.2   844.0  1269.7  8520.3 4239314.7 4456389.5  17514.2    17456
read      579.7  1275.6    63.8   113.9   135.0   314.4   402.4   470.0   536.5   644.0  1047.5  1796.5  4987.3 16232.0 35793.4  58466.6    58407
read    15775.0 252875.6    68.9   151.2   212.4   360.0   472.3   542.3   587.2   635.8   699.6   893.1 26196.6 4129717.5 4799826.0  17463.9    17486
read    12248.7 228203.2    68.9   125.2   151.6   267.1   328.4   386.8   448.9   522.2   630.9  1006.7 25582.4 4610681.4 4816122.8   6241.0     6232
read    11717.0 218437.7    68.9   132.1   178.5   408.5   476.0   548.0   631.5   726.5   828.4  1019.1 12306.1 4648942.9 4819948.9  16644.9    16704
read      635.5  1466.9    63.8   132.4   165.5   360.4   442.3   508.2   579.3   681.9   861.7  1784.0  7167.4 18609.5 36094.5  71088.0    71134
read      644.9  1521.6    68.9   131.7   161.5   334.5   418.6   487.9   557.5   664.6  1038.1  2103.6  6450.7 25081.9 36613.5  73543.0    73587
read      550.9  1086.8    68.9   111.2   129.9   304.5   394.2   462.2   527.6   632.7  1040.6  1811.9  4121.1  9927.2 32188.2  58273.4    58316
read    25417.5 340616.1    74.4   127.1   159.4   257.6   310.5   346.7   379.1   427.4   511.8   696.6  8139.7 4710148.4 4826069.5   5749.4     5710
read     2430.9 96485.9    68.9   219.8   259.5   355.5   431.3   521.2   579.7   625.3   672.9   746.8  1649.7 29953.5 4684037.1  69149.5    69413
read     8034.3 175197.7    68.9   132.7   182.1   377.5   465.5   555.1   626.7   698.9   808.8  1187.4  8389.2 4157187.1 4456834.7  27687.5    27608
read     4201.7 156769.0    80.4   300.9   321.7   425.2   494.8   603.9   669.1   725.8   797.1   908.2  4938.1 32424.7 4771878.5  58942.5    58818
read      557.5  1282.6    80.4   303.7   327.0   424.9   479.2   558.8   661.6   735.1   800.0   875.3  1140.0 28625.5 39442.4  87209.6    87132
read      440.9  2739.3    68.9   141.4   184.1   391.4   449.4   491.2   536.7   621.2   724.2   828.5  1026.2  5732.8 16621.2  87955.7    88118
read     6806.4 118855.0    68.9   117.9   148.6   361.0   438.4   511.1   575.0   644.9   734.6   940.3  4142.3 2227973.3 3493498.7  30260.2    30247
read      592.4 13359.5    63.8   117.1   145.0   348.2   424.0   494.0   564.6   657.5   790.1  1273.5  3912.7 28336.8 32846.8  50272.7    50462
read      596.8  1230.5    68.9   119.4   144.6   328.3   413.3   488.4   566.9   699.1  1271.9  1911.3  4576.1 13424.2 34368.9  68619.3    68557
read      701.6  1731.6    68.9   167.6   217.7   372.7   457.5   535.5   605.6   682.7   828.2  1782.3  8368.0 30157.0 38940.4  85713.8    85756
read      460.7   840.1    63.8   105.4   121.3   292.7   386.4   449.7   503.5   584.4   840.2  1382.3  3832.5  8376.8 31625.8  46103.6    46132
read      570.5  1256.4    63.8   113.5   134.2   313.5   401.2   467.9   533.5   639.8  1024.5  1772.8  4804.3 15710.8 36418.7  61201.3    61091
read      488.2  1004.6    68.9   137.7   173.7   370.6   442.9   492.4   538.5   607.0   700.6   848.2  3295.2 12834.7 32038.3  98199.8    98199
read     1663.6 54814.6    68.9   156.9   209.4   380.3   470.7   564.2   628.7   696.4   798.2  1408.2  4022.7 29456.1 3381390.8  71892.8    72004
read     4070.1 143467.9    68.9   181.1   248.6   382.7   458.8   542.5   604.2   657.1   722.8   834.1  3618.3 30023.0 4777178.4  55146.6    55098
read     1739.7 63606.6    68.9   272.6   318.8   420.3   470.1   547.4   666.7   742.3   800.7   870.8  1528.8 28373.4 3952650.3  75886.5    75723
read     4694.5 114927.9    63.8   158.5   235.6   365.7   422.2   522.9   606.0   658.1   704.9   774.8  1607.3 2687428.3 3765846.3  45927.3    45997
read     3462.3 90875.9    74.4   278.2   300.7   376.8   462.9   580.5   635.5   675.3   720.6   801.5  1591.6 1977757.1 3495193.8  73200.9    73203
read     3842.6 93529.9   101.3   315.3   336.3   450.1   536.0   635.8   703.1   770.3   858.4   999.6  4997.4 2020069.3 3435066.0  62591.0    62627
read     2904.9 76247.5    93.8   320.2   341.1   453.4   529.3   642.1   714.5   781.9   855.7   957.9  2837.2 43506.0 3003656.4  73949.3    73969
read     9267.1 173032.1   101.3   327.1   350.7   452.6   552.4   674.2   745.7   807.6   886.9  1041.6 16583.6 3340929.0 4776177.5  20664.8    20711
read     2318.2 67525.5    68.9   204.5   280.6   408.7   471.7   560.2   642.4   702.7   773.2   877.5  2075.5 31535.7 2923889.4  44993.4    45040
read     3504.3 93435.7    68.9   138.2   213.2   416.7   469.9   523.2   604.2   715.4   807.5   911.1  2403.1 1383326.4 4224226.4  47875.9    47859
read    10252.9 135900.6    68.9   119.9   147.1   359.2   432.3   494.2   554.0   634.8   736.0   899.8 19727.5 2204931.8 2397920.7  12311.7    12365
read     1360.3 49426.4    68.9   131.7   168.2   378.8   442.5   487.6   533.1   608.4   714.5   844.5  2021.5 12353.5 2807737.1  96441.8    96513
read     3998.1 82126.2    68.9   164.5   227.5   391.5   454.8   529.2   617.1   693.5   767.8   898.2  3897.7 1705947.7 2711017.3  34952.1    35022
read      404.4   755.3    63.8   107.6   122.9   287.6   384.1   443.0   490.0   549.9   671.5   936.0  3479.9  8453.6 31016.5  30651.4    30627
read      627.5  1399.7    63.8   124.7   153.2   333.4   420.8   500.1   578.9   715.4  1352.8  1964.5  5117.3 17510.9 35437.2  70576.8    70558
read      713.7  1770.5    68.9   162.9   212.4   376.8   460.4   531.8   598.0   682.7   840.0  1801.7  8410.8 29904.9 37230.0  83904.5    84057
read      627.4  1451.4    68.9   158.8   212.8   387.9   460.5   524.0   589.8   670.5   777.0  1148.3  7753.6 18967.0 36911.9  90941.5    90896
read      681.9  1441.7    63.8   152.0   195.5   370.6   462.2   545.2   620.6   728.6  1216.2  1938.4  6364.6 16964.0 36901.1  80415.5    80565
read    10460.7 176614.1    68.9   127.6   158.1   342.1   420.5   482.6   534.6   600.9   682.8   858.5  8672.7 3279282.5 3528170.0  10204.9    10213
read      441.1   911.8    68.9   108.4   124.5   303.5   394.1   453.0   500.3   563.8   683.7   978.4  3864.0 10088.6 31652.6  28663.4    28763
read     2880.3 69454.7    63.8   241.1   274.2   417.1   494.3   561.6   615.2   677.7   772.0   895.0  1928.9 1373248.0 3129622.8  87898.5    87819
read     3922.6 71917.9    74.4   281.8   329.0   457.3   555.4   664.7   735.9   807.1   890.0  1024.9  2481.1 1322078.6 2523245.5  34336.7    34336
read      626.5  1482.1    68.9   160.2   207.1   379.2   459.0   537.1   609.1   686.1   787.8  1276.3  6569.7 23149.9 36359.2  80755.3    80752
read     4311.1 73979.9    74.4   117.2   137.8   333.9   412.9   459.5   502.6   569.3   687.3   881.0  4724.1 877525.8 2216798.6  16723.5    16787
read     2976.3 62536.7    63.8   118.7   145.2   345.9   425.2   495.7   561.2   640.9   748.0  1126.7  4216.9 1317910.2 2349900.7  39473.0    39583
read      390.3  1019.3    68.9   111.4   129.2   290.8   357.7   393.9   420.8   453.7   499.9   635.5  3454.5 16256.2 32349.5  15305.8    15366
read      528.4  1198.3    63.8   128.6   161.2   353.6   430.6   483.3   534.5   607.5   708.2  1072.1  4475.8 13961.1 35490.2  85967.6    86158
read      568.2  1220.2    68.9   114.6   135.8   315.6   408.8   479.7   545.3   655.4  1062.8  1763.1  4395.4 12727.9 36385.6  59522.6    59468
read      732.8  1893.9    63.8   187.0   237.0   386.5   462.6   534.6   600.2   674.1   781.8  1520.6  8748.8 30625.9 37753.7  86134.6    86204
read      626.9  1303.2    68.9   125.3   152.0   337.4   431.2   505.9   583.3   720.8  1325.0  2015.7  4880.9 15699.5 36070.7  67798.6    67936
read      663.7  1502.2    68.9   174.0   228.4   393.7   468.1   538.3   612.2   702.2   838.8  1628.1  8188.4 20470.0 36391.1  89739.3    89799
read      657.3  1457.4    68.9   128.9   158.3   340.8   431.3   505.6   581.6   704.6  1259.5  2145.0  5802.6 19261.8 36491.0  69345.2    69388
read      664.5  1413.7    68.9   140.6   175.5   350.7   445.4   529.1   603.8   724.5  1319.1  2220.1  5462.4 19234.2 35787.9  75694.4    75686
read    11002.6 125251.1    68.9   133.8   165.5   332.1   415.6   466.6   509.6   571.5   678.8   950.3 256314.0 2320344.0 2577811.1   9052.7     9026
read     3462.1 49952.1    68.9   116.9   145.4   363.5   439.6   498.0   552.5   634.2   739.7   930.1  4284.3 940393.1 1092942.5  30326.2    30279
read     7320.3 88130.3    68.9   116.1   143.4   345.4   418.9   473.4   528.0   607.2   705.9   895.1 12672.7 1081428.2 2206239.9  17773.7    17781
read     7309.5 95796.0    63.8   129.7   171.0   347.9   421.3   487.6   541.8   603.5   676.6   801.7  7725.3 1358324.0 2577269.1  22776.2    22762
read    10293.5 131810.7    63.8   235.3   270.1   375.7   476.0   556.4   600.5   645.7   707.3   830.0 24540.5 2469959.6 2766440.9  27545.3    27602
read     3236.3 52902.5    63.8   166.3   228.1   417.6   476.9   525.7   579.8   667.3   769.4   886.1  1325.4 964595.8 1853979.2  48885.0    48910
read     9778.8 95348.2    68.9   129.6   159.5   267.6   324.0   369.1   409.5   469.5   578.9   883.4 335920.3 1340911.7 1487710.1   6344.0     6343
read     1756.9 42506.4    63.8   172.6   242.3   400.2   482.0   561.2   631.0   696.0   788.1  1002.0  6160.4 409461.5 2547581.4  73432.1    73358
read     1551.6 21292.4    68.9   113.8   133.8   316.9   407.4   474.5   543.1   671.0   822.6  1056.3  4270.8 444363.6 583673.1  23147.6    23125
read      360.4   334.5    63.8   111.8   132.0   315.6   395.4   440.5   474.2   518.5   576.6   674.6  1611.7  3869.9  9954.0  57692.4    57641
read      327.5   257.6    63.8   110.3   129.1   300.7   375.8   419.8   452.2   491.4   542.7   621.6   799.5  2446.7  8453.7  75888.6    75946
read      325.1   233.7    63.8   113.2   133.1   297.5   369.1   412.9   447.7   490.3   546.4   630.0   789.6  1952.1  8356.7  90654.7    90668
read      312.7   214.8    63.8   107.4   125.4   297.1   361.9   400.0   431.6   467.9   510.9   573.7   735.2  1334.8  7089.4  33603.3    33526
read     1649.1 31696.5    63.8   121.0   151.1   378.4   446.2   491.3   534.2   602.6   736.3   951.3  2544.9 602047.4 1146254.3  56972.1    56952
read     4177.6 60858.6   101.3   312.1   339.5   441.7   507.4   593.6   681.8   756.9   821.6   915.3  1526.9 1099662.2 1512959.4  76076.2    76070
read     2447.2 42770.6    93.8   338.5   359.5   446.8   512.9   589.7   719.7   788.0   848.1   928.3  1289.2 891862.8 1389617.5  94871.8    94840
read     1994.9 34311.9    80.4   339.4   360.2   452.6   539.4   631.2   730.7   792.4   858.1   954.0  1353.5 792595.6 1019291.7  42708.7    42682
read      479.4   748.0    74.4   146.9   194.8   399.4   467.5   526.5   575.9   653.1   752.7   880.2  1471.2 10340.2 31793.2  39668.4    39681
read     3632.3 48061.5    63.8   123.8   158.5   354.1   421.4   479.5   538.7   607.8   685.8   840.7  2167.7 841183.7 1137913.6  37450.9    37425
read     4707.1 62545.2    63.8   132.6   176.2   359.6   442.5   490.0   530.9   585.5   667.8   827.6  1478.0 1074352.4 1337182.1  36686.3    36793
read     2555.4 42285.2    68.9   126.4   162.6   354.2   420.2   481.9   547.8   625.9   713.1   906.6  2899.2 762403.8 1268513.8  46720.2    46706
read     4191.0 46976.8    63.8   118.7   152.4   398.1   527.6   690.8   807.9   947.6  1157.3  1680.2  9649.8 766221.9 923944.1  25695.9    25807
read     1381.7 16745.2   118.1   346.5   369.0   527.0   789.9   887.8   976.5  1110.4  1341.3  1895.9  3984.8 315368.8 656391.3  95879.2    96109
read      508.3   450.0    68.9   229.9   310.3   431.9   496.9   556.5   638.4   743.1   813.3   909.5  1128.0  5369.7 16987.3  86389.1    86376
read     4457.4 45245.5    68.9   111.6   132.2   311.7   403.2   456.4   500.9   567.6   676.4   964.8 29093.8 686322.5 818948.4  12450.1    12434
read     3404.7 41940.7    68.9   114.5   141.5   368.6   463.7   532.1   601.9   713.3   867.0  1087.6  4946.0 735527.7 940481.2  26294.8    26282
read     6470.9 50254.0    74.4   122.8   155.2   290.5   373.7   424.3   465.0   526.9   708.4  1820.1 316441.3 629901.5 700849.1   6905.9     6929
read     1282.4 18779.0    68.9   109.6   129.5   327.7   414.1   470.3   520.8   609.2   819.0  1163.9  4270.7 416065.5 591568.1  33555.2    33566
read      499.7   761.1    68.9   114.7   136.7   306.9   397.0   471.1   546.4   716.6  1273.3  1742.2  2428.8  8025.0 30935.8  62898.8    63026
read      542.7  1197.6    68.9   115.0   135.5   325.6   421.6   493.7   559.0   674.0  1065.2  1529.4  4486.4 16093.6 33645.5  41983.5    41859
read      800.9  1647.7    68.9   169.9   225.8   413.5   528.9   690.2   818.5  1450.5  1696.1  2065.4  8218.1 27279.3 37452.4  72147.4    72316
read      730.2  1341.9    68.9   162.1   207.6   370.8   526.4   665.6   937.2  1444.8  1643.0  1894.9  5039.6 14076.6 36201.6  76297.5    76254
read      531.1  1182.3    63.8   110.0   130.0   314.5   402.5   471.7   536.8   661.5  1135.9  1588.8  4346.0 16960.3 34697.6  50811.7    50956
read      571.9  1422.5    63.8   148.6   200.7   378.2   442.4   498.2   561.2   642.1   736.3   900.6  6349.3 20957.1 36485.7  96327.9    96358
read      580.4  1365.1    63.8   148.4   201.5   391.7   460.1   514.7   578.9   665.9   775.4   992.7  5134.7 19692.9 36323.0  96058.4    96056
read      484.6   698.6    68.9   110.2   129.6   304.5   396.5   470.2   546.6   760.8  1271.9  1623.4  2162.0  6859.3 29967.9  53714.5    53725
read      616.6  1457.0    63.8   154.2   211.6   397.6   467.4   527.9   599.0   689.3   822.7  1438.6  5914.9 24500.7 36952.0  93024.3    93124
read      565.0  1266.5    63.8   143.5   191.1   384.1   456.7   511.9   574.7   659.5   768.5  1053.4  4639.8 16595.8 35984.1  94323.6    94532
read      625.9  1477.3    63.8   163.7   223.6   397.9   468.2   533.8   608.2   700.2   817.5  1435.7  6588.1 27236.8 36573.3  93257.1    93226
read      668.3  1776.9    68.9   184.6   249.3   399.9   466.8   530.0   605.5   684.4   791.2   987.6  8589.4 30756.6 37594.1  94940.6    94892
read      529.3   958.1    59.1   112.4   134.7   316.9   407.6   482.9   560.3   736.9  1300.4  1721.8  2899.0 10770.3 32028.0  60868.0    60866
read      372.2   711.0    68.9   107.2   121.5   276.3   366.2   421.3   465.4   524.0   624.2   809.1  1769.0  7332.9 31663.5  22574.2    22573
read      558.9  1232.2    68.9   125.6   159.4   356.0   434.5   499.9   563.1   646.9   795.5  1591.3  4621.0 16601.1 35128.2  81956.2    81969
read      482.2   927.6    63.8   111.4   130.8   314.0   403.7   468.8   528.6   617.8   943.7  1476.4  2735.9 10767.0 31979.9  49756.0    49716
read      528.4  1276.1    63.8   118.9   146.3   342.1   421.8   476.5   525.5   590.6   690.1  1064.8  4967.3 16419.6 35994.1  75468.7    75432
read      485.5  1088.9    63.8   128.2   162.4   358.3   426.1   473.0   520.7   589.1   680.0   823.1  3352.2 13624.5 32438.5  95423.0    95526
read      526.2  1266.1    63.8   122.0   152.2   356.6   430.9   482.1   530.1   598.4   701.8   943.7  4802.0 15836.1 36144.7  82392.5    82419
read      339.9   711.8    68.9   112.5   130.4   270.0   335.7   373.8   404.1   444.0   500.7   596.3  1485.6  8897.7 35437.6  13002.7    12994
read      378.3   626.5    68.9   106.7   121.4   275.3   370.3   432.0   479.1   540.0   642.3   916.7  1853.8  6665.8 30611.1  32264.1    32306
read      500.7  1188.9    63.8   114.2   137.0   332.3   414.0   467.1   514.8   580.1   683.4  1352.7  4368.6 16434.5 35889.1  66351.6    66440
read      362.2   623.7    68.9   103.5   117.2   277.6   371.1   425.4   465.7   519.5   603.9   801.0  1360.9  7041.2 30594.1  26830.3    26769
read      355.7   570.8    68.9   104.4   119.7   284.1   365.8   413.7   449.7   497.2   573.7   740.9  1496.8  6062.6 30439.5  20114.7    20188
read      380.1   493.3    63.8   117.4   141.5   316.3   391.9   438.7   477.0   528.8   598.3   717.7  1794.7  5382.8 16862.4  94810.8    94947
read      356.5   411.5    63.8   107.1   124.5   307.6   376.5   422.7   462.0   512.0   570.0   677.1  1446.0  4607.0 12061.7  39034.8    39067
read      387.0   508.7    63.8   112.9   134.9   318.5   399.2   447.4   485.3   534.6   605.3   736.2  2026.2  5294.9 15599.2  81238.2    81119
read      312.9   434.8    68.9   111.4   130.8   276.9   332.4   363.2   386.1   413.9   454.7   543.2   896.5  4553.7 16957.2  11944.4    11922
read      389.1   511.8    63.8   111.6   131.7   312.9   394.4   443.0   482.7   535.7   607.0   752.6  2032.3  5062.5 17328.3  73116.7    73068
read      389.8   579.7    63.8   113.6   135.3   315.6   394.7   443.7   482.7   535.1   606.5   734.7  2037.0  6023.8 29676.5  82735.2    82835
read      383.5   514.6    63.8   110.9   130.9   318.3   402.8   450.0   486.7   535.3   598.6   703.7  1986.8  5536.0 14317.4  68369.3    68321
read      388.4   495.4    68.9   119.9   146.1   330.5   406.4   453.1   490.1   540.1   613.4   735.9  1643.3  5793.9 18804.2  97493.3    97383
read      358.6   516.6    68.9   106.8   124.2   306.6   376.3   423.5   463.3   512.3   569.8   690.8  1331.0  4243.7 28954.8  33560.3    33576
read      375.9   533.6    63.8   107.0   125.3   316.9   392.1   435.2   471.6   522.6   584.8   705.3  1619.7  5092.0 25028.7  45891.9    45910
read      371.2   489.1    63.8   106.1   123.8   314.3   386.0   431.3   469.5   520.6   582.2   734.3  1487.7  5021.7 22525.3  37798.3    37653
read      371.3   514.2    63.8   108.3   127.5   309.3   390.7   434.3   470.3   519.6   580.7   676.5  1848.0  5202.5 19700.7  61189.7    61214

Total QPS = 53996.8 (97194328 / 1800.0s)

Total connections = 64
Misses = 0 (0.0%)
Skipped TXs = 0 (0.0%)

RX 24006999016 bytes :   12.7 MB/s
TX          0 bytes :    0.0 MB/s
Warning! Detected max cpu usage > 95%
CPU Usage Stats (avg/min/max): 99.97%,42.64%,100.00%