./mcperf -s 10.156.15.226 --loadonly && ./mcperf -s 10.156.15.226 -a 10.156.15.227 --noload -T 16 -C 4 -D 4 -Q 1000 -c 4 -t 1800 --qps_interval 5 --qps_min 5000 --qps_max 100000 --qps_seed 42
Random waveform, supplied seed
Total number of intervals = 360 (5031, 54838, 74868, 30015, 40743, 23648, 97712, 53672, 55395, 29425, 15173, 82475, 90555, 47944, 28313, 28504, 22886, 35717, 14828, 81704, 55771, 85226, 75020, 12441, 56208, 17446, 86943, 49138, 49839, 47752, 27181, 6170, 7187, 99387, 91970, 79658, 59230, 78081, 64242, 37702, 40686, 30376, 38416, 65892, 39560, 10016, 55224, 19982, 48114, 36283, 23315, 11150, 98724, 56880, 13467, 99368, 46206, 71651, 22741, 56654, 99570, 23047, 70008, 42943, 46704, 75970, 21917, 82027, 81583, 14259, 7821, 17727, 65559, 41133, 28693, 53141, 54512, 14835, 98446, 38117, 77994, 30209, 68315, 91940, 49308, 46880, 92540, 49396, 97841, 35404, 80451, 87228, 75554, 57964, 83546, 55468, 34203, 37629, 34577, 47426, 58845, 66993, 10977, 51529, 48344, 5902, 71602, 41886, 47456, 93939, 16890, 45689, 32790, 44044, 28149, 39739, 72475, 93882, 6692, 50406, 83055, 55609, 16968, 43031, 17236, 82183, 42212, 12244, 61777, 36984, 29093, 41715, 34838, 63574, 24401, 32025, 98971, 23657, 67877, 53849, 79536, 17081, 39024, 26125, 33388, 20979, 95865, 73949, 60987, 54175, 51484, 39771, 32864, 42033, 43808, 45785, 35582, 38504, 15320, 74264, 43890, 5962, 38365, 55971, 23217, 87681, 91728, 96668, 80475, 27150, 53444, 23737, 87776, 82175, 98548, 37704, 64701, 69089, 89785, 16676, 69604, 99682, 97693, 17381, 40069, 8841, 56576, 21599, 53003, 19831, 80340, 28765, 25572, 37071, 75819, 44359, 95960, 59630, 47930, 65545, 94038, 51806, 48712, 13115, 76569, 19372, 59331, 62597, 37702, 41975, 26100, 82500, 50756, 66696, 53364, 10413, 64876, 69079, 19447, 81182, 25265, 9699, 48659, 75126, 96559, 55885, 9039, 66378, 41225, 52371, 39873, 41176, 85357, 85391, 91890, 57558, 9972, 74636, 29773, 63494, 7201, 49507, 65454, 88537, 36982, 88964, 96479, 47883, 50650, 89242, 7374, 8507, 50676, 57069, 43520, 56720, 68155, 60444, 63997, 17315, 78596, 81548, 97254, 46135, 13379, 46993, 98274, 97056, 43434, 36406, 99121, 80708, 40517, 34168, 11754, 93304, 64697, 92626, 75618, 85805, 18930, 50153, 10377, 33112, 28777, 45709, 74458, 73596, 28031, 45754, 80138, 64350, 51870, 81106, 82064, 30534, 25449, 67525, 27070, 41133, 28009, 64235, 16387, 62388, 40199, 16884, 55763, 41925, 42341, 93577, 7657, 14232, 30107, 71078, 85372, 54930, 5750, 80137, 41449, 17301, 19930, 41776, 8596, 30870, 69978, 23908, 9848, 71598, 77156, 14083, 87786, 57205, 53142, 77998, 98830, 32447, 74382, 32271, 55273, 68152, 25419, 43187, 60608, 62150, 30864, 69566, 38183, 51253, 53027, 37133, 73413, 78811, 88317, 46504, 46147, 35073, 18693, 46834, 76427, 96007)
Average QPS expected = 51278
Timestamp start: 1621941720857
Timestamp end: 1621943521419

#type       avg     std     min      p5     p10     p50     p67     p75     p80     p85     p90     p95     p99    p999   p9999      QPS   target
read      387.9   386.3    93.8   166.7   198.6   353.3   408.2   439.8   464.5   495.6   535.9   606.1  1111.7  5778.0 12444.8   4953.8     5031
read      619.8  1412.9    74.4   135.1   161.0   414.6   525.5   596.4   658.8   738.9   871.7  1415.9  4962.7 28390.2 36701.0  54530.0    54838
read      474.3   647.1    68.9   136.1   163.2   403.2   497.9   553.0   600.2   666.4   756.5   915.8  1964.6  7739.5 30347.3  74866.2    74868
read      602.2  1247.5    74.4   128.5   149.5   406.5   543.0   630.9   708.1   838.1  1111.3  1533.7  3837.8 24310.9 32499.3  30134.6    30015
read      588.0  1136.0    74.4   128.3   149.4   393.5   527.1   620.9   703.1   837.5  1143.9  1581.8  3899.2 17720.0 35578.3  40851.8    40743
read      608.7   824.3    74.4   132.9   156.6   431.6   624.9   803.2   946.3  1068.6  1198.8  1383.5  2197.2  8816.3 31478.1  23711.0    23648
read      684.0  1052.4    80.4   315.4   390.0   537.9   607.8   673.5   752.7   900.7  1006.1  1138.3  3505.0 12692.5 35259.2  97929.0    97712
read      704.4  1486.1    74.4   141.7   170.8   419.8   547.4   650.4   758.5   954.9  1444.1  2003.4  4890.5 28954.3 40446.5  53532.0    53672
read      652.2  1273.9    74.4   138.5   165.2   393.9   508.3   596.5   686.0   863.1  1416.7  2032.1  4603.1 20009.7 36257.0  55440.4    55395
read      591.7  1331.0    74.4   129.5   151.4   416.9   542.5   618.5   674.6   745.8   890.2  1295.8  4056.8 26684.5 36914.5  29452.8    29425
read      516.7  1109.3    80.4   133.5   156.4   401.4   505.1   570.1   622.9   696.4   811.3  1008.1  3025.3 15973.4 41993.8  15135.8    15173
read      519.1   864.0    74.4   146.0   181.9   424.7   517.7   575.9   625.2   692.3   794.2   981.7  2399.7 10405.5 32133.3  82618.2    82475
read      543.8   596.0    74.4   169.5   219.5   475.4   571.5   639.4   693.7   762.2   861.3  1048.4  1606.1  7481.6 30338.7  90759.0    90555
read      668.9  1265.7    74.4   136.2   162.1   412.2   546.2   649.0   755.8  1001.1  1494.9  1956.3  4401.4 16556.1 36851.4  47936.4    47944
read      554.6   920.3    74.4   127.0   147.8   393.5   535.1   627.7   710.5   871.0  1103.6  1386.1  2715.6  8115.5 32513.9  28384.0    28313
read      536.7   926.2    74.4   128.5   149.1   389.2   524.8   612.0   683.5   806.7  1030.2  1307.3  2371.2  9805.4 32387.3  28546.8    28504
read      515.3   832.9    80.4   130.3   152.1   392.2   518.0   594.6   661.4   768.3   943.4  1173.5  2118.1  8146.4 31768.0  22951.2    22886
read      587.4  1027.2    74.4   129.9   151.6   395.5   542.1   650.3   748.9   940.4  1221.2  1531.3  3223.1  8091.6 32436.7  35667.4    35717
read      533.9  1185.1    80.4   137.2   161.2   402.9   512.4   584.6   647.6   734.1   846.8  1004.6  3130.1 17427.0 39755.4  14801.2    14828
read      800.0  1837.2    80.4   254.5   329.5   517.6   606.9   680.4   752.1   859.4   987.9  1227.1  8710.2 31164.8 37644.9  81638.2    81704
read      566.8   986.4    74.4   140.0   167.1   408.6   521.1   595.6   663.7   753.0   923.0  1590.6  2839.1 12294.5 32454.8  55920.2    55771
read      529.7   826.6    74.4   153.7   190.6   442.2   538.8   603.0   656.2   724.4   822.5  1005.9  1826.6  9473.9 32098.3  85102.2    85226
read      497.8   748.8    74.4   143.0   172.4   411.9   508.8   567.7   616.9   682.2   779.9   961.8  2316.1  8573.3 31867.8  75065.6    75020
read      669.2  1716.9    80.4   142.8   170.9   442.4   574.7   661.3   728.2   801.1   902.6  1088.8  5540.2 31171.1 37520.5  12438.6    12441
read      601.2  1197.9    74.4   138.6   165.9   410.3   518.8   589.9   650.7   739.6   915.8  1653.9  4466.1 14426.7 32482.6  56320.4    56208
read      497.2  1061.1    74.4   133.7   156.1   388.3   490.1   545.9   590.6   649.5   747.1   960.5  2823.4 14477.3 32314.2  17496.0    17446
read      590.6   869.9    74.4   172.7   226.8   495.3   585.4   644.8   697.8   783.0   919.9  1127.1  2312.6 10194.5 32123.8  86909.2    86943
read      597.2  1069.1    68.9   137.0   161.3   398.9   514.9   603.3   683.8   810.0  1197.7  1756.7  3206.5 12839.1 35612.7  49074.8    49138
read      574.3   954.8    68.9   136.8   162.2   409.3   526.0   607.8   679.6   782.2  1016.5  1665.5  2698.3 11962.1 32451.0  49952.2    49839
read      610.1  1062.9    74.4   137.9   165.4   425.0   542.2   626.6   698.9   807.3  1099.7  1771.1  3247.2 12380.1 32691.0  47743.6    47752
read      636.5   984.2    74.4   135.5   159.0   427.6   610.5   781.7   975.5  1141.6  1302.2  1524.7  2882.7  9700.2 35754.5  27292.4    27181
read      457.1  1351.4    93.8   160.6   185.2   333.8   400.2   434.7   461.9   495.0   540.9   632.8  3275.9 30767.0 37318.5   6155.2     6170
read      470.8  1083.3    86.8   158.0   184.9   362.1   439.4   483.8   517.3   556.9   614.5   737.3  3048.7 12068.5 32221.6   7285.6     7187
read      718.0  1016.6    86.8   410.1   440.9   551.9   640.7   736.8   841.2   946.7  1031.8  1163.5  2580.8 11497.3 32381.6  99210.4    99387
read      738.0  1125.7   173.5   435.6   461.1   577.4   641.8   698.8   782.0   954.4  1059.0  1190.7  2450.9 16310.1 33586.0  91919.2    91970
read      530.1   486.9    74.4   158.1   206.2   481.7   572.2   624.3   667.6   732.6   860.8  1062.4  1486.0  5645.5 16569.8  79698.0    79658
read      654.2  1322.7    74.4   144.6   175.5   420.7   533.6   621.2   702.5   827.1  1179.4  1824.3  4763.6 24033.5 36895.1  59267.0    59230
read      601.3  1126.2    74.4   159.9   205.3   469.0   563.3   628.8   683.6   758.0   870.4  1089.8  4086.3 12926.0 37227.2  78149.0    78081
read      737.0  1683.0    74.4   154.7   196.0   473.3   584.5   656.2   723.0   829.1  1032.8  1703.1  6695.1 30755.1 38982.4  64144.0    64242
read      597.6   931.6    74.4   132.8   154.4   392.8   525.7   641.3   767.2  1072.8  1379.8  1675.3  2602.4 10809.1 31967.9  37858.2    37702
read      608.7   970.6    80.4   133.5   156.3   397.2   529.8   645.0   777.2  1075.0  1406.9  1734.3  2767.3  8658.9 32326.9  40812.6    40686
read      551.1   915.3    80.4   129.6   150.7   390.6   521.3   607.8   681.8   803.1  1059.5  1388.3  3287.7  9380.2 32142.3  30463.8    30376
read      507.5   800.7    74.4   127.1   146.3   367.2   491.9   579.4   649.1   757.6  1001.8  1376.4  2091.0  7217.0 32252.5  38316.4    38416
read      677.7  1404.6    68.9   150.0   187.2   443.5   544.5   624.2   701.7   818.5  1075.4  1789.6  5032.2 29028.8 37194.6  65643.0    65892
read      644.7  1017.4    74.4   140.1   164.3   421.8   563.1   680.8   807.8  1113.3  1459.7  1802.5  2970.3 11445.3 35289.4  39560.0    39560
read      471.9  1280.7    86.8   147.8   171.9   354.3   431.9   472.0   500.5   536.9   588.0   693.9  3789.2 29812.0 38966.6   9963.0    10016
read      638.9  1189.8    74.4   143.3   171.0   410.7   526.5   607.5   691.7   845.5  1350.3  1948.1  4138.2 13215.9 37717.0  55277.2    55224
read      538.0  1234.8    80.4   134.0   156.6   388.9   497.1   556.9   601.3   660.3   757.7  1010.6  4517.9 20001.1 35893.7  19991.0    19982
read      612.6  1079.0    74.4   135.0   159.3   396.8   521.9   612.4   699.8   866.5  1310.7  1787.1  4398.6 10559.9 35963.4  48082.4    48114
read      610.6   989.4    74.4   133.2   155.5   402.5   543.7   662.6   787.6  1044.7  1341.3  1635.0  3385.0 10052.9 36377.3  36190.2    36283
read      477.2   778.9    74.4   128.7   149.5   385.9   502.4   567.8   615.9   675.8   778.2  1017.7  2008.8  8715.1 31516.6  23239.0    23315
read      482.9  1046.6    86.8   143.0   167.1   393.2   481.2   532.3   572.8   626.8   705.0   864.7  2284.4 16936.1 42097.3  11251.4    11150
read      655.3   800.3    80.4   341.8   399.7   533.8   604.4   684.6   779.0   901.0   998.6  1117.1  1875.7 10961.0 31477.1  98504.8    98724
read      667.9  1299.2    74.4   142.2   171.7   424.9   544.6   630.5   713.9   868.5  1338.8  1880.1  4762.1 20979.9 36376.6  56851.2    56880
read      446.4   647.0    80.4   137.4   160.8   388.8   485.6   538.8   580.0   632.0   712.6   867.1  1351.4  5724.3 31248.4  13532.4    13467
read      656.4   843.3    80.4   340.1   398.6   533.0   604.7   682.6   778.2   897.0   991.6  1104.4  1741.1 10803.0 32090.5  99003.6    99368
read      603.1   978.5    80.4   133.7   156.7   398.0   520.9   621.6   722.9   942.9  1391.5  1770.5  2929.8  9207.2 32519.0  46257.2    46206
read      623.0  1345.7    74.4   147.6   183.8   435.3   532.2   596.9   652.0   732.9   869.6  1302.3  4986.5 27903.6 36370.6  71715.0    71651
read      456.9   772.5    74.4   129.0   149.2   371.4   483.8   544.8   589.3   641.7   726.1   926.5  2025.5  7448.9 35282.6  22663.8    22741
read      666.1  1443.9    74.4   140.9   169.9   414.3   528.1   610.6   690.8   830.0  1231.0  1807.8  4869.3 26832.6 37184.3  56731.2    56654
read      669.4   687.7    80.4   399.7   438.0   548.2   628.6   703.9   801.8   931.8  1016.1  1138.6  1602.4  9218.3 30569.9  99496.0    99570
read      507.7  1050.2    74.4   129.4   150.2   383.2   497.8   563.8   611.7   670.9   765.0  1014.3  3378.9 12812.6 36019.4  23100.0    23047
read      632.7  1305.1    74.4   149.3   185.6   435.0   538.3   610.5   674.1   758.7   895.8  1492.1  4961.5 20176.6 36967.6  70061.4    70008
read      583.8   909.3    74.4   131.9   154.0   384.0   508.3   614.3   725.2   983.3  1352.3  1692.1  2722.2  8559.1 34550.4  42885.2    42943
read      661.0  1043.4    74.4   139.7   166.0   420.2   552.9   662.5   789.6  1108.4  1537.1  1950.7  3742.4 12399.0 33632.3  46593.0    46704
read      640.1  1313.7    80.4   157.4   202.1   450.1   540.3   607.3   668.0   755.3   889.7  1301.3  5062.8 18459.7 37035.3  76136.8    75970
read      546.0  1014.4    80.4   136.6   158.7   408.9   532.3   604.7   663.4   746.0   897.2  1217.7  3325.0 10865.9 32274.7  21870.2    21917
read      567.9   956.0    74.4   156.8   198.3   462.1   562.1   625.8   676.7   744.6   848.7  1059.9  2826.2 10291.5 32501.4  81949.0    82027
read      466.0   579.8    74.4   143.7   173.8   402.8   494.5   546.9   591.2   651.3   740.2   886.3  1838.3  5790.5 30506.3  81707.2    81583
read      445.8   862.9    80.4   138.6   160.6   371.5   464.7   513.3   547.9   594.0   661.0   806.2  1648.8  8751.6 38331.2  14178.2    14259
read      446.9   943.7    86.8   152.1   176.5   340.0   420.4   461.2   493.5   535.7   594.6   708.6  3366.1 12826.7 35179.8   7847.2     7821
read      445.5   603.7    80.4   132.6   156.3   372.7   474.1   529.0   570.4   621.7   697.3   881.7  1876.2  6458.7 28775.8  17602.0    17727
read      642.9  1393.7    74.4   144.6   178.0   421.3   525.7   597.0   660.5   754.0   928.2  1627.2  4985.6 25685.0 37011.5  65591.8    65559
read      597.9   889.7    74.4   133.2   156.2   401.3   529.8   634.8   740.2  1004.2  1389.1  1739.4  2651.2  8428.8 32149.6  41196.4    41133
read      494.7   871.6    74.4   127.9   148.4   380.3   502.6   576.0   629.3   696.0   813.3  1105.1  2520.0 11166.7 32084.8  28767.8    28693
read      628.5  1260.6    74.4   135.1   159.7   396.6   513.1   599.4   679.9   821.7  1255.2  1770.8  4771.3 15434.8 37895.2  53081.6    53141
read      624.7  1111.9    74.4   136.7   162.2   393.9   510.3   600.6   689.1   878.6  1415.8  1884.2  4477.4 11786.3 36202.0  54731.2    54512
read      472.6   873.5    80.4   133.7   155.6   384.9   485.2   542.7   590.2   649.0   735.8   912.3  2316.1 10098.9 34115.6  14776.8    14835
read      661.2   739.8    86.8   328.7   391.2   549.0   639.1   711.2   779.7   885.6   997.3  1144.4  1696.2  9061.2 31493.2  98480.8    98446
read      601.7  1007.0    74.4   131.2   153.4   399.0   532.9   636.4   738.9   957.0  1320.0  1666.1  3037.8 11885.1 32435.7  38117.0    38117
read      703.9  1520.4    80.4   177.1   239.8   484.5   577.7   643.9   703.9   793.0   938.4  1282.2  6779.2 29424.4 36493.2  78110.4    77994
read      603.5   849.9    68.9   133.5   156.8   419.3   581.8   706.5   850.3  1083.7  1291.4  1529.2  2436.4  8228.5 31741.4  30196.2    30209
read      717.1  1518.6    80.4   157.2   204.1   474.8   585.7   662.4   729.3   833.0  1036.8  1716.9  5471.1 29169.8 36901.0  68417.2    68315
read      546.0   662.4    74.4   167.5   220.6   476.5   567.9   628.2   675.6   739.1   844.0  1019.6  1575.3  8501.5 30879.5  91788.2    91940
read      638.6  1175.3    74.4   134.6   159.2   399.6   523.8   622.8   723.8   963.4  1438.6  1839.4  4447.1 15641.9 32508.5  49483.8    49308
read      636.0  1285.8    74.4   131.6   154.3   390.6   510.0   608.6   702.6   935.4  1413.4  1833.1  4566.7 22421.4 37065.5  47212.4    46880
read      565.3   657.3    74.4   172.5   229.3   492.7   591.2   655.8   705.5   775.4   887.3  1079.6  1611.2  8849.8 30536.7  92246.6    92540
read      639.8  1139.6    74.4   138.4   164.2   409.9   532.9   629.3   721.6   910.7  1409.1  1879.0  4530.1 11023.9 32462.2  49356.4    49396
read      563.3   498.5    74.4   199.9   265.2   502.8   585.7   649.2   701.8   772.9   891.2  1055.7  1459.1  5789.2 19361.4  97977.4    97841
read      564.5  1042.6    80.4   129.1   149.8   387.3   517.7   606.4   678.9   796.5  1075.3  1466.6  3476.3 12707.6 32154.2  35202.4    35404
read      568.6  1162.9    74.4   147.9   186.2   443.4   530.1   586.8   638.8   715.1   821.2  1002.2  4006.5 16216.7 36135.7  80444.0    80451
read      542.4   710.6    68.9   158.5   205.5   468.7   569.4   629.7   677.0   738.5   836.3  1042.2  1728.7  8460.7 31090.8  87268.4    87228
read      461.7   606.9    74.4   136.1   162.6   396.3   490.1   542.0   584.9   641.3   727.7   883.3  1884.3  7436.4 30377.9  75454.0    75554
read      710.1  1428.0    74.4   142.1   173.7   436.4   560.4   655.9   759.6   963.1  1437.1  1967.6  5006.0 26860.9 37428.1  57890.0    57964
read      880.0  2057.8    74.4   321.4   368.4   523.9   601.6   689.2   768.4   871.5  1008.3  1277.0  8958.0 31655.0 38996.8  83420.2    83546
read      761.7  1683.4    74.4   144.3   178.9   435.9   551.6   647.0   753.6   977.5  1576.0  2109.6  5731.3 30855.6 39435.4  55277.2    55468
read      544.9   842.8    74.4   126.4   146.5   377.0   511.7   607.7   690.3   849.3  1150.0  1475.6  2648.8  7793.6 31867.0  34187.4    34203
read      591.0   819.7    74.4   129.5   150.4   389.9   532.5   653.1   791.2  1072.7  1363.9  1669.3  2757.9  7288.4 31400.8  37707.8    37629
read      615.1  1128.7    74.4   130.2   151.9   398.8   543.7   647.6   748.0   967.0  1273.5  1619.9  4466.7 16011.8 32312.0  34444.2    34577
read      683.0  1136.8    74.4   134.2   159.2   419.3   567.6   697.7   877.4  1234.4  1573.0  1937.9  4467.4 12275.8 35452.9  47348.8    47426
read      830.5  1816.9    74.4   156.1   200.8   485.1   617.5   713.3   833.2  1106.2  1580.8  2055.9  8171.8 31071.9 38773.7  58825.6    58845
read      818.5  1620.2    74.4   177.5   239.2   482.7   608.6   720.9   850.3  1114.1  1613.3  2057.5  5496.1 30547.0 37431.1  66899.6    66993
read      508.9  1141.7    80.4   141.3   164.9   383.1   482.7   542.7   591.8   652.7   732.9   877.0  3702.7 14561.6 32251.0  11031.6    10977
read      713.0  1391.7    74.4   137.1   164.3   419.4   557.9   668.5   797.0  1085.3  1557.5  2014.1  4968.5 25997.1 36733.9  51392.8    51529
read      621.0   987.0    74.4   132.0   155.7   387.7   519.5   640.5   791.0  1123.7  1463.9  1792.2  3290.6 10613.1 31985.1  48404.6    48344
read      439.1  1106.0    93.8   153.7   177.5   330.5   404.6   448.4   479.1   514.9   562.0   651.1  3115.8 27944.1 32127.0   5935.6     5902
read      870.5  2014.5    80.4   214.5   282.6   493.9   591.9   682.0   774.6   910.0  1156.0  2032.2  8557.0 31582.4 37487.6  71548.4    71602
read      611.8  1056.9    74.4   129.1   151.0   386.8   527.4   643.2   772.9  1054.2  1378.2  1696.9  3423.3 10723.6 33300.5  41823.0    41886
read      650.0  1194.3    74.4   132.3   156.5   395.2   540.8   659.3   807.4  1108.1  1451.7  1785.0  4643.6 14188.2 35920.6  47300.0    47456
read      618.7   628.7    74.4   229.0   310.0   534.6   626.0   691.5   746.3   833.8   963.2  1140.0  1720.5  8517.9 30206.9  93787.8    93939
read      447.8   723.4    80.4   131.7   152.2   372.1   480.0   535.2   579.1   634.1   712.8   869.3  1506.1  6789.7 31768.4  16784.4    16890
read      647.4  1098.3    74.4   135.2   161.3   416.7   550.5   657.3   767.7  1015.0  1445.5  1851.7  3753.4 12333.2 35258.3  45742.6    45689
read      645.7  1179.1    74.4   131.7   153.7   411.6   567.7   686.8   820.8  1069.6  1331.6  1668.9  4642.2 13429.1 36552.5  32802.6    32790
read      636.4  1158.5    74.4   131.7   155.5   395.6   526.4   632.2   740.8  1011.0  1415.6  1786.0  4660.3 12061.8 37317.3  44097.8    44044
read      569.2  1245.5    80.4   125.6   145.8   373.0   509.6   591.9   659.1   766.3   995.5  1331.3  4654.7 24860.4 34409.9  28202.2    28149
read      628.1   881.7    74.4   134.5   158.0   410.7   554.4   682.9   849.7  1199.7  1485.1  1791.9  2669.4  7874.6 31927.3  39875.0    39739
read      553.3  1106.9    74.4   138.6   169.1   426.9   526.2   587.6   637.2   703.2   800.8  1018.8  3417.3 12888.4 36616.6  72385.4    72475
read      546.0   585.5    74.4   180.2   235.9   482.8   568.8   631.1   682.1   746.6   852.9  1022.8  1529.9  6478.0 30404.5  93906.0    93882
read      392.8   468.2    86.8   154.7   178.6   343.4   412.6   454.0   482.7   517.0   563.7   640.4  1309.2  6221.8 15848.3   6700.2     6692
read      604.9  1297.9    68.9   129.9   156.5   412.3   520.9   593.7   655.2   739.9   898.6  1600.4  4777.9 17536.8 37028.1  50258.6    50406
read      488.2   666.8    74.4   137.2   174.3   423.9   517.4   572.6   616.8   674.2   758.3   923.1  1708.7  8494.8 31738.1  82967.0    83055
read      605.4  1315.4    68.9   128.2   157.2   417.1   522.4   589.4   646.1   725.4   859.4  1450.6  4949.1 23692.3 36469.1  55769.2    55609
read      452.2   738.3    80.4   132.5   154.0   372.3   484.4   540.7   584.5   638.5   719.3   895.4  1746.0  6090.8 31928.5  16902.4    16968
read      624.9   941.6    80.4   132.8   155.4   395.8   538.5   672.7   839.8  1156.4  1449.0  1741.7  3261.2  8991.4 32054.2  42826.2    43031
read      560.1   949.7    80.4   136.1   160.3   429.5   572.0   667.8   756.4   862.8   995.9  1169.3  2349.3 10833.5 32143.9  17261.4    17236
read      569.9  1136.8    74.4   147.9   187.8   446.0   526.3   579.3   630.9   710.9   829.7  1011.1  3622.0 13727.8 36556.9  82067.8    82183
read      580.7   788.9    74.4   131.7   155.1   397.8   529.4   631.5   728.1   953.2  1362.4  1720.3  2443.2  7568.6 31652.0  42274.2    42212
read      699.5  1850.2    80.4   144.0   171.8   451.8   583.5   665.7   725.4   803.1   909.1  1211.3  6097.1 31635.6 40101.0  12321.4    12244
read      663.4  1319.5    68.9   143.6   178.0   455.5   569.5   642.2   706.6   800.7   991.8  1667.6  5127.4 17386.3 36380.0  61628.0    61777
read      583.0  1052.8    74.4   127.1   148.0   385.1   521.2   610.1   682.9   807.1  1116.8  1651.2  3696.5 10318.8 35956.6  37134.6    36984
read      514.5  1110.0    74.4   123.9   144.1   369.0   496.7   569.4   624.1   691.7   805.4  1101.9  3268.7 16200.1 34425.5  29077.2    29093
read      573.9   860.0    74.4   129.0   150.8   389.2   521.1   621.2   714.2   894.5  1290.5  1673.1  2600.2  7902.9 31792.4  41692.0    41715
read      704.0  1273.1    80.4   136.4   161.6   432.3   596.6   755.1   990.3  1258.9  1494.4  1783.9  4390.4 16547.1 36048.2  34906.6    34838
read      608.8  1293.5    74.4   140.6   172.0   444.4   549.7   620.1   676.5   751.4   878.0  1290.9  3950.1 16897.3 36400.2  63516.8    63574
read      685.2  1390.0    80.4   135.9   161.3   439.6   625.6   776.9   928.5  1093.2  1258.7  1498.9  4571.8 25080.8 37106.4  24403.2    24401
read     1069.1  8584.9    80.4   136.8   163.0   461.8   634.4   776.3   943.4  1187.0  1457.5  1856.1  8120.9 124094.8 321041.2  32132.0    32025
read      671.3   534.8    74.4   375.4   420.5   567.5   689.3   783.9   849.6   926.3  1017.3  1159.7  1643.8  5518.1 21918.5  98646.4    98971
read      445.0   753.2    74.4   124.9   144.7   359.7   476.8   538.9   584.9   638.3   715.7   870.8  1542.3  9178.3 32062.7  23662.2    23657
read      561.0   948.4    74.4   141.6   173.5   438.9   541.4   606.6   661.6   735.6   851.1  1168.7  2894.7 11217.6 32381.7  67820.6    67877
read      712.0  1759.7    68.9   142.0   173.8   449.1   558.4   634.8   699.0   793.5   962.4  1599.9  8231.3 30753.8 38915.5  53738.4    53849
read      523.3   576.4    74.4   151.9   189.8   459.1   567.0   630.3   678.4   737.4   824.6  1018.4  1751.5  6729.5 30212.5  79410.6    79536
read      452.2   755.2    80.4   133.8   154.9   373.6   486.4   541.8   584.3   636.2   708.6   840.2  1596.8  8172.4 31641.1  17195.6    17081
read      564.6   754.4    74.4   131.4   153.0   394.8   535.6   637.2   728.9   910.6  1246.2  1603.8  2338.6  6811.1 31275.8  38945.4    39024
read      497.4   864.9    74.4   127.5   147.7   377.5   505.5   577.9   632.9   702.3   827.8  1132.0  2583.2  8200.6 32242.9  26173.4    26125
read      487.1  1001.6    74.4   124.1   142.7   358.7   491.9   567.9   623.8   691.2   798.8  1006.0  3021.7 12704.1 35708.1  33373.6    33388
read      444.8   593.4    80.4   128.7   148.4   365.2   487.2   549.9   596.5   654.2   738.5   918.3  1487.5  6135.3 30494.3  20851.2    20979
read      699.2   718.0    80.4   346.0   416.2   580.1   702.3   792.9   861.1   952.2  1053.7  1217.5  1758.7  8877.8 31703.9  95795.6    95865
read      537.6   606.2    74.4   157.7   201.1   473.0   566.1   631.0   687.8   762.4   860.2  1038.7  1799.8  7021.3 30307.9  73837.0    73949
read      658.1  1435.9    74.4   142.6   175.9   444.2   549.0   624.9   691.7   786.9   949.2  1605.2  5004.0 28173.2 35624.9  60867.4    60987
read      628.8  1435.0    74.4   136.5   164.6   424.2   534.0   604.8   664.5   743.2   869.1  1398.9  5209.2 29307.9 36459.0  54285.4    54175
read      613.0  1446.2    74.4   136.0   162.5   415.9   527.6   595.4   653.2   731.1   855.7  1290.4  4954.9 30433.2 37020.3  51514.0    51484
read      568.9   970.5    74.4   128.5   149.8   378.3   518.5   619.5   711.4   885.9  1231.4  1566.0  2929.1 10171.7 32159.5  39799.4    39771
read      445.8   700.2    74.4   122.6   140.6   346.1   472.7   547.5   601.6   666.8   763.6  1024.3  1613.8  7396.6 31715.9  32801.0    32864
read      600.4   788.7    74.4   132.5   154.6   394.4   542.0   679.3   843.4  1150.4  1429.7  1708.3  2341.1  7076.5 31315.6  42105.8    42033
read      611.7   749.9    74.4   134.1   157.3   401.5   554.4   705.8   908.3  1225.6  1472.7  1734.4  2275.4  6841.0 30926.3  43795.0    43808
read      613.7   875.7    74.4   133.4   156.6   394.4   533.8   664.7   820.8  1157.4  1470.7  1782.5  2547.4  9284.5 31455.7  45706.8    45785
read      606.2  1071.1    74.4   131.2   153.1   396.9   547.5   660.7   775.4  1004.4  1284.1  1577.3  4256.6  8567.2 35601.3  35604.0    35582
read      584.7  1152.0    74.4   128.9   149.8   386.6   524.7   614.7   687.5   806.5  1075.7  1531.2  4478.6 15333.0 36250.2  38399.8    38504
read      440.4   754.8    80.4   135.0   155.7   366.2   469.5   523.5   561.5   607.8   671.0   799.7  1588.4  8301.5 32156.9  15354.6    15320
read      525.6   828.2    74.4   144.3   178.0   439.9   541.3   602.4   650.9   715.0   806.9   988.0  2394.2  9067.6 32038.9  74258.8    74264
read      662.7  1269.4    74.4   137.6   164.3   432.5   569.5   671.0   766.5   955.2  1373.0  1804.7  4541.5 17010.0 37088.4  43844.4    43890
read      401.8   820.2    93.8   156.9   181.2   335.4   403.9   454.1   485.5   521.0   564.9   635.4  1122.3 12037.8 31803.2   5986.0     5962
read      485.9   782.9    74.4   125.3   144.7   361.3   494.3   576.7   638.6   719.3   853.2  1178.5  2140.7  6237.2 32294.9  38281.6    38365
read      601.2  1289.2    74.4   136.2   164.7   417.3   526.5   595.6   653.1   731.3   862.3  1372.0  4842.0 24702.9 36561.4  56034.0    55971
read      466.9   893.8    80.4   125.7   145.1   361.4   482.1   546.5   594.5   652.3   737.1   927.5  2289.3 10242.5 31896.2  23290.8    23217
read      562.2   622.5    74.4   167.0   221.3   486.6   584.6   643.7   693.7   767.3   895.2  1138.3  1952.1  7322.9 30181.9  87669.6    87681
read      592.0   578.9    74.4   195.9   264.0   534.9   628.1   685.6   731.4   796.2   921.3  1119.6  1515.0  6274.7 30572.0  91791.8    91728
read      673.7   628.1    86.8   439.5   466.0   560.4   615.5   671.3   763.0   956.2  1040.9  1134.9  1515.6  7329.6 30580.2  96940.8    96668
read      483.2   576.2    74.4   141.9   176.3   426.2   521.6   575.1   617.1   673.3   761.2   928.0  1593.6  7608.5 30458.6  80590.4    80475
read      443.4   683.3    74.4   123.6   143.3   357.0   481.3   548.8   597.0   657.2   738.8   899.3  1497.0  6951.0 31937.6  27304.4    27150
read      648.0  1507.5    74.4   135.4   163.8   433.5   546.2   620.7   680.9   764.8   925.9  1600.3  5183.0 30096.6 37041.2  53481.0    53444
read      564.9  1138.6    80.4   129.5   151.7   385.6   535.1   622.2   696.5   817.6  1012.4  1256.3  4243.9 12697.0 36820.1  23560.6    23737
read      707.0  1078.6    80.4   270.5   356.6   559.5   656.6   729.7   801.1   899.1  1029.2  1249.4  3420.0 11892.6 36334.0  87615.4    87776
read      501.4   554.0    74.4   146.8   182.3   437.0   540.2   605.0   655.2   715.9   797.9   967.0  1755.1  5807.7 28699.5  82153.2    82175
read      606.4   570.3    74.4   221.6   298.9   534.6   612.9   682.3   752.2   840.9   962.1  1104.8  1571.3  6381.9 29926.5  98535.0    98548
read      614.4   938.4    74.4   132.7   156.5   405.9   551.8   670.0   802.9  1097.4  1396.7  1690.8  2780.5  9380.0 32185.1  37853.0    37704
read      633.3  1440.8    74.4   143.1   177.1   436.8   531.0   596.0   658.6   746.0   876.7  1343.2  5328.7 29140.9 36999.2  64679.4    64701
read      554.1  1074.8    74.4   140.1   170.6   425.3   524.6   585.9   638.4   713.5   827.3  1070.6  3068.5 13560.7 35301.0  68889.8    69089
read      545.3   522.5    74.4   170.4   223.1   488.3   589.5   662.2   711.3   766.7   853.2  1025.4  1513.1  6197.5 22660.3  89628.8    89785
read      426.3   708.7    74.4   130.2   150.8   354.3   459.6   512.3   550.1   596.3   661.6   781.7  1444.7  6031.3 32095.9  16755.6    16676
read      519.8   920.6    74.4   138.3   166.9   418.3   517.4   578.0   627.4   690.9   786.9   971.9  2554.7 11430.7 32231.6  69505.4    69604
read      665.0   526.6    80.4   390.3   437.2   560.7   654.2   734.8   805.0   915.9  1016.7  1145.4  1594.8  6267.2 21123.8  99701.8    99682
read      657.1   611.7    80.4   361.7   423.2   565.8   647.1   711.8   787.9   904.2  1013.4  1158.0  1519.3  7064.7 30121.0  97846.4    97693
read      436.7   696.5    74.4   130.9   150.9   362.0   470.6   528.1   570.2   622.5   694.0   856.9  1356.6  7820.8 31871.0  17422.4    17381
read      573.9   975.7    80.4   128.9   149.9   385.1   523.9   619.2   704.8   858.0  1181.1  1613.3  3113.5  9223.8 34301.5  39901.6    40069
read      384.0   713.7    86.8   142.9   166.1   332.4   397.0   440.6   468.5   503.5   548.0   632.6  1021.8  5636.9 36716.7   8868.0     8841
read      593.3  1209.4    74.4   133.8   162.1   415.5   528.0   596.4   654.5   732.3   873.6  1444.6  4719.5 15049.8 35348.3  56522.6    56576
read      453.0   743.7    74.4   126.5   147.2   362.7   479.9   542.1   587.5   641.8   717.3   869.2  2561.6  8250.9 31974.2  21588.0    21599
read      629.6  1438.1    74.4   134.2   161.8   419.0   532.1   602.3   661.9   743.8   897.0  1514.8  5152.5 28645.0 36422.0  52953.2    53003
read      461.0   887.5    80.4   128.6   149.7   361.5   475.4   533.5   574.9   626.3   694.2   835.9  2907.4 10506.3 32272.3  19855.8    19831
read      545.6   850.1    74.4   150.1   190.1   454.2   550.2   614.3   667.2   736.0   842.3  1045.9  2233.5 11235.2 32064.7  80519.8    80340
read      502.5  1073.4    80.4   122.9   142.2   361.3   487.6   558.1   612.1   679.8   790.9  1063.3  3209.1 15245.1 32504.0  28790.8    28765
read      442.7   705.8    74.4   123.4   142.8   351.7   470.3   535.5   583.0   641.2   723.5   909.2  1700.2  8417.1 31159.8  25663.4    25572
read      497.8  1028.2    74.4   122.5   141.3   350.5   479.0   557.7   616.4   689.5   810.1  1144.0  3445.3  9763.6 37264.3  37173.2    37071
read      488.6   758.7    74.4   136.1   166.5   409.7   507.4   566.1   611.5   670.7   756.6   919.9  2090.3  8699.0 31813.0  75921.4    75819
read      572.0   730.7    74.4   127.6   149.7   377.6   515.9   633.7   772.9  1072.8  1372.8  1660.2  2295.4  6588.8 29160.1  44273.6    44359
read      559.4   654.3    74.4   199.3   258.3   483.3   570.0   639.3   695.7   765.3   865.1  1014.2  1513.6  7817.5 31215.1  96163.6    95960
read      628.5  1507.0    74.4   136.3   166.7   419.1   522.2   587.7   642.7   717.9   839.3  1208.1  5224.3 29231.5 36550.9  59635.8    59630
read      594.4   919.3    74.4   134.9   160.0   387.4   518.0   629.2   747.0  1010.2  1367.3  1685.7  2728.9  8733.2 34278.7  47954.2    47930
read      605.1  1307.4    74.4   142.0   175.0   428.4   529.5   592.9   649.0   728.1   850.7  1153.1  4928.0 22739.5 36672.2  65680.4    65545
read      553.8   553.3    74.4   185.7   243.4   498.9   594.1   646.5   685.8   744.4   863.7  1063.9  1438.7  5994.7 25805.2  94127.8    94038
read      602.4  1287.7    74.4   134.7   162.3   412.0   521.8   592.8   655.1   736.0   875.8  1513.2  4753.8 18286.3 36958.7  51744.0    51806
read      618.9  1012.7    74.4   137.5   164.0   401.6   537.2   646.3   758.0  1000.8  1389.9  1747.7  3036.9 10460.2 33614.1  48785.0    48712
read      472.8   838.9    80.4   133.9   157.5   375.9   491.6   552.0   600.0   661.5   738.9   893.2  2407.1 10670.0 31883.7  13166.6    13115
read      493.7   827.7    74.4   138.5   168.8   404.3   501.0   559.3   605.7   667.8   759.1   928.8  2212.7  9088.7 34600.2  76447.0    76569
read      469.4   865.3    74.4   130.2   151.4   367.3   487.0   548.2   599.4   667.4   761.7   952.1  1782.0 11966.9 31986.5  19374.0    19372
read      613.6  1232.6    74.4   140.7   171.5   413.5   521.7   597.8   668.3   765.1   953.7  1586.9  4860.4 19544.8 35157.0  59428.6    59331
read      687.6  1658.3    74.4   143.9   179.2   439.4   538.6   608.0   671.6   762.1   908.5  1523.7  6209.4 30530.9 37891.3  62658.8    62597
read      503.6   951.3    68.9   126.7   148.1   359.4   485.0   562.7   624.4   702.8   842.9  1196.1  2766.8 12825.5 32228.0  37525.2    37702
read      476.4   895.2    74.4   124.0   144.4   348.5   472.2   545.7   601.9   672.9   779.5  1039.0  2794.4  7881.2 32206.1  42110.4    41975
read      444.2   672.9    80.4   128.5   149.7   357.5   477.6   542.7   590.9   654.0   736.6   936.5  1608.6  6459.4 32376.7  26204.4    26100
read      494.0   748.0    74.4   144.3   178.2   412.5   506.7   564.2   611.0   672.7   762.2   935.7  2072.4  8870.9 31947.1  82602.6    82500
read      608.7  1249.8    74.4   136.3   163.7   401.9   517.5   597.6   671.9   778.9  1029.6  1628.2  4759.3 17551.6 36537.9  50843.6    50756
read      598.8  1352.6    68.9   140.4   172.8   419.2   516.5   578.0   632.5   712.9   837.3  1147.1  4916.3 28192.8 35808.6  66942.6    66696
read      633.3  1530.7    74.4   137.1   165.0   409.6   518.8   590.1   654.4   738.2   878.4  1463.5  5357.5 30400.0 37201.3  53384.8    53364
read      519.3  1367.7    80.4   142.7   167.2   366.9   470.5   527.7   569.5   621.7   692.7   816.9  4224.9 29477.7 37599.0  10400.0    10413
read      768.3  1393.4    80.4   167.9   214.1   450.5   591.9   728.5   875.8  1307.4  1635.2  2014.0  5004.9 28643.8 36917.8  64821.0    64876
read      833.2  2069.6    80.4   181.1   237.8   461.8   564.2   646.0   726.6   838.9  1038.9  1990.5  8630.7 31825.6 41798.5  68913.2    69079
read      495.8   825.2    80.4   133.4   156.8   380.3   507.9   579.6   636.8   714.2   844.4  1058.2  2350.2  8574.7 32371.7  19393.2    19447
read      809.2  1806.6    74.4   263.3   329.7   501.4   580.9   666.7   760.5   874.6   996.7  1488.3  8428.8 31274.2 37729.6  81118.6    81182
read      528.4   769.7    74.4   130.0   151.9   384.6   539.1   634.5   720.3   869.0  1064.1  1270.2  1865.3  7173.3 31781.2  25270.4    25265
read      511.4  1367.5    80.4   145.6   171.0   370.4   470.4   527.0   568.3   620.1   687.2   802.6  3816.4 26279.4 41066.0   9710.8     9699
read      666.9  1284.7    74.4   133.1   158.0   394.5   536.9   646.3   771.9  1057.5  1453.0  1859.2  4865.9 23087.6 36829.3  48724.6    48659
read      817.2  1851.2    80.4   211.8   279.2   491.8   586.3   674.8   763.0   893.6  1088.6  1860.1  8435.9 31380.1 39130.5  75176.8    75126
read      628.5   738.9    80.4   285.7   358.5   528.4   597.6   663.8   747.1   869.1   975.9  1094.2  1611.7  8588.6 31812.4  96593.8    96559
read      563.0  1077.1    74.4   136.8   163.0   401.4   514.1   588.5   650.8   736.9   875.3  1392.1  4204.0 12607.3 35390.5  55861.6    55885
read      418.2   535.6    86.8   150.9   175.8   359.0   439.6   486.8   519.4   559.1   616.8   719.8  1960.2  6229.4 18296.9   8968.4     9039
read      599.4  1398.8    74.4   141.0   170.3   406.3   507.1   570.4   626.2   702.5   819.6  1161.3  4960.1 26372.7 36331.8  66263.6    66378
read      720.9  1805.6    74.4   136.3   161.9   401.6   542.2   656.8   769.5  1005.8  1361.7  1757.1  5627.3 31355.1 40662.1  41055.0    41225
read      682.7  1158.8    74.4   144.5   173.8   413.4   557.5   694.1   884.8  1246.6  1558.3  1894.0  4264.7 19144.5 32446.6  52384.2    52371
read      625.0   920.8    74.4   138.8   163.8   399.0   553.5   687.6   869.4  1184.3  1438.1  1713.9  2836.8  7823.8 32156.7  39728.8    39873
read      633.6   957.1    80.4   139.1   164.1   404.1   558.2   703.3   888.1  1194.2  1449.0  1718.4  2950.4  8510.0 32215.1  41398.8    41176
read      771.7  1625.5    80.4   280.9   352.5   521.8   595.5   679.1   770.5   889.7  1003.6  1187.3  6920.7 30334.2 38317.5  85467.8    85357
read      730.6  1614.2    74.4   217.3   297.0   506.9   582.5   645.3   721.6   833.6   962.1  1134.2  7569.4 30431.6 37617.4  85658.8    85391
read      789.9  1659.6    93.8   372.5   401.9   530.5   595.3   686.1   797.0   910.9  1004.3  1130.1  8339.4 30602.0 37423.9  91902.8    91890
read      705.7  1431.2    80.4   148.3   183.2   430.9   553.3   661.4   788.0   995.1  1414.3  1932.5  4980.0 28418.8 36880.9  57539.2    57558
read      539.0  1224.7    80.4   149.4   175.8   395.4   503.1   563.7   606.6   659.5   728.1   879.6  4033.2 28686.1 32311.8   9818.4     9972
read      894.3  2138.8    80.4   240.6   303.0   496.3   594.5   691.6   781.4   898.2  1076.3  2051.5  8962.6 31772.4 42424.9  74501.0    74636
read      566.0   798.1    80.4   132.8   155.9   394.6   544.1   654.5   768.3   987.9  1226.5  1481.4  2150.2  7087.4 31900.8  29972.8    29773
read      820.0  1640.7    74.4   174.7   223.1   468.4   597.1   725.4   873.9  1174.8  1615.8  2140.3  6016.8 30524.4 37837.0  63318.8    63494
read      500.8  1403.9    86.8   154.2   180.8   355.8   438.3   490.7   529.7   575.8   637.8   756.2  3947.4 28251.6 49508.4   7301.2     7201
read      661.1  1204.2    74.4   135.4   161.1   397.7   546.8   680.7   849.5  1157.5  1492.9  1844.5  4002.0 15705.7 37404.4  49192.6    49507
read      790.9  1718.8    74.4   169.4   220.2   461.1   579.0   681.8   780.7   939.4  1468.3  1991.2  6352.2 31115.6 39881.9  65277.8    65454
read      734.7  1633.9    80.4   254.3   331.2   502.1   568.5   634.2   728.5   842.7   950.2  1080.2  8255.3 30826.4 37220.2  88772.6    88537
read      634.4  1152.3    74.4   134.7   159.0   402.3   561.8   692.6   849.2  1100.4  1355.9  1652.9  3542.5 12159.9 35779.5  37024.6    36982
read      744.6  1464.4    74.4   291.1   352.3   518.7   587.4   656.8   758.3   883.4  1003.8  1184.6  5229.5 30290.1 36334.8  88687.8    88964
read      749.3  1420.7    86.8   368.3   403.1   523.7   590.0   679.8   800.7   906.3   996.7  1139.9  5273.4 30141.4 36477.0  96316.0    96479
read      680.5  1397.2    74.4   138.4   165.1   413.1   552.5   665.2   797.0  1064.3  1438.2  1818.5  4809.7 28546.0 37323.3  47960.8    47883
read      620.7   986.1    74.4   140.4   166.9   392.8   530.7   648.0   786.6  1088.7  1445.7  1769.1  2863.2 11902.9 32161.6  50666.6    50650
read      828.3  1907.0    74.4   257.9   338.5   517.6   587.5   663.1   756.3   872.7   996.2  1169.3  8676.3 31431.5 39062.8  89275.0    89242
read      607.5  2178.3    86.8   146.9   173.2   365.0   463.5   517.1   555.8   602.8   672.7   828.6  5077.8 32271.1 37845.6   7354.6     7374
read      472.5  1116.1    80.4   150.3   174.9   358.7   448.9   499.8   537.2   581.5   640.9   749.5  2955.5 19797.7 32498.7   8487.4     8507
read      710.2  1307.7    74.4   142.8   171.2   419.2   568.5   692.8   861.6  1228.3  1603.9  1990.7  4812.3 19485.7 36239.8  50599.2    50676
read      677.4  1069.0    74.4   153.3   185.0   420.1   561.1   693.8   872.7  1231.8  1569.3  1940.4  3197.9  9808.5 32381.0  56960.6    57069
read      660.8  1079.6    74.4   140.8   166.7   412.3   568.7   713.4   899.4  1210.5  1494.4  1808.3  3586.4  9721.0 35288.6  43341.8    43520
read      714.6  1093.6    80.4   157.2   190.7   439.2   593.4   741.5   946.7  1322.7  1627.8  1994.8  4064.0 10050.4 32485.6  56533.6    56720
read      831.6  1672.9    74.4   186.1   253.5   487.5   610.3   738.9   869.9  1103.2  1615.3  2032.1  6849.1 30917.9 37212.6  67873.4    68155
read      706.2  1297.6    74.4   149.6   184.5   431.7   574.7   693.8   841.2  1138.4  1517.3  1912.5  4741.4 18614.2 36418.2  60413.6    60444
read      821.5  1722.0    80.4   166.5   220.0   454.5   574.1   692.9   818.3  1058.6  1592.5  2114.4  7040.3 30845.1 37632.7  64097.0    63997
read      522.5  1086.6    80.4   131.8   154.8   387.2   512.3   583.9   641.8   722.2   843.1  1035.4  3455.8 12302.2 36603.2  17282.8    17315
read      769.6  1777.9    80.4   198.1   273.0   488.2   566.1   633.5   717.9   839.8   999.2  1590.9  8348.7 31085.3 37359.4  78595.8    78596
read      864.2  2128.4    80.4   276.4   345.9   512.0   588.7   664.5   747.1   856.8   985.7  1191.5  9204.1 31627.1 37739.9  81737.2    81548
read      813.0  1778.6   118.1   379.9   407.5   527.7   587.7   668.5   787.2   905.2  1002.9  1132.3  8518.6 31115.5 37659.4  97313.6    97254
read      683.8  1506.2    74.4   139.2   171.6   427.0   538.5   639.8   754.4   942.8  1311.3  1746.0  4912.2 30553.5 36747.7  46301.4    46135
read      458.4   861.7    80.4   137.2   160.2   377.0   481.5   538.0   582.0   638.3   724.0   871.1  1502.6  7372.0 32321.5  13365.2    13379
read      687.8  1296.3    80.4   135.9   161.8   408.6   549.7   679.0   840.1  1175.3  1537.5  1906.4  4734.9 19597.2 36779.5  47049.0    46993
read      767.4  1371.7    86.8   379.3   411.0   533.1   601.1   690.6   823.5   939.5  1034.2  1213.2  5467.3 28592.6 36217.1  98310.0    98274
read      800.1  1566.2    86.8   380.2   410.4   537.8   619.0   722.1   831.4   943.6  1047.2  1279.9  6575.1 30510.1 37544.3  96969.2    97056
read      608.8  1279.6    74.4   134.2   161.3   424.5   531.1   613.8   706.3   859.5  1093.2  1579.9  3195.0 28833.7 38191.0  43314.0    43434
read      609.9   991.1    80.4   129.5   151.7   397.9   552.7   685.5   843.8  1103.9  1342.1  1599.7  2914.5  9002.2 32412.3  36413.8    36406
read      779.5  1597.8    93.8   369.5   401.4   526.4   590.2   673.9   788.5   906.3  1001.4  1136.1  8327.5 30577.5 36257.0  98881.8    99121
read      756.8  1598.1    80.4   346.4   387.9   520.9   587.7   663.0   770.4   891.9   990.5  1122.7  7305.1 30806.7 37791.9  80575.2    80708
read      602.0   860.7    74.4   130.1   152.6   390.4   543.5   682.3   861.8  1145.1  1408.2  1682.5  2390.5  7292.7 32279.6  40530.0    40517
read      588.0   919.8    74.4   129.8   151.5   395.7   544.3   662.7   788.1  1033.6  1285.7  1548.8  2781.5  7821.7 32211.7  34117.2    34168
read      477.5   952.0    80.4   138.7   162.1   383.9   486.8   543.1   588.1   645.5   726.9   860.1  1969.0 10341.9 32449.4  11739.8    11754
read      823.9  1841.6    86.8   356.8   390.9   523.8   592.4   677.8   782.4   894.9   997.9  1154.2  8487.8 31369.9 37902.5  93314.4    93304
read      830.3  1928.4    74.4   193.2   259.9   479.3   577.2   668.8   766.4   903.7  1156.6  1959.2  8439.8 31411.3 38473.6  64669.6    64697
read      742.4  1460.0    80.4   326.5   377.2   522.3   587.1   665.4   769.6   891.8  1001.9  1159.6  5476.6 30204.8 36669.0  92508.0    92626
read      917.4  2250.2    86.8   336.5   376.8   521.2   593.3   677.5   771.2   882.3  1004.6  1262.5  8982.1 31981.9 38576.7  75448.2    75618
read      679.8  1447.8    74.4   201.6   272.9   487.9   556.5   619.4   689.3   799.1   921.0  1082.7  5280.7 29950.6 36819.8  85676.4    85805
read      511.9   922.9    80.4   130.4   152.2   389.8   515.1   582.5   638.8   717.1   846.2  1065.0  3406.0  9600.9 32031.9  19034.2    18930
read      634.9  1077.8    74.4   133.6   158.0   391.7   530.8   656.2   801.7  1133.9  1482.0  1811.7  3693.6  8719.4 33003.0  50160.0    50153
read      459.6   933.5    80.4   140.3   163.7   372.2   461.8   508.3   545.6   591.1   660.2   792.8  1966.2 15162.7 32019.5  10475.8    10377
read      621.6  1096.0    80.4   128.8   151.4   401.9   565.0   692.7   850.6  1082.6  1292.0  1546.9  3513.1 15949.2 38312.3  33026.2    33112
read      508.9   738.4    74.4   125.1   145.8   380.9   516.4   600.1   669.6   781.9  1013.5  1292.1  1891.6  6071.3 32471.4  28833.6    28777
read      624.7  1134.4    80.4   129.7   152.1   384.5   523.5   640.5   780.6  1074.6  1417.3  1740.0  4168.6 10805.5 35723.2  45501.4    45709
read      869.2  2109.3    74.4   226.3   297.7   482.8   571.7   659.6   756.3   872.1  1059.4  1905.9  9003.3 31764.2 37875.6  74536.0    74458
read      897.7  2223.7    80.4   249.3   314.3   493.9   580.9   671.7   764.2   881.5  1051.3  1906.0  9176.3 31925.2 41009.2  73651.8    73596
read      515.1   915.3    74.4   124.4   145.5   374.1   505.3   582.4   641.8   735.8   943.6  1259.0  2760.7  8779.1 32178.2  28075.8    28031
read      620.5   840.0    74.4   131.6   156.1   392.9   541.6   684.1   877.6  1215.7  1487.3  1792.8  2696.2  7560.8 31446.5  45788.6    45754
read      769.8  1783.1    74.4   218.7   298.5   500.1   570.9   633.5   711.9   830.3   956.5  1144.6  8422.6 31212.4 38195.2  80245.6    80138
read      847.0  1698.6    80.4   174.6   234.6   476.4   614.5   742.6   883.6  1237.4  1663.4  2187.6  6326.9 30971.0 37389.4  64413.6    64350
read      627.7   931.6    80.4   137.6   163.5   398.6   538.0   663.5   821.1  1150.8  1500.7  1822.8  2894.2  7584.3 32378.6  51801.6    51870
read      884.8  2119.4    80.4   314.6   362.5   515.0   586.2   671.9   772.4   888.1  1015.2  1509.1  9121.5 31738.8 39443.0  81219.2    81106
read      756.9  1645.3    80.4   262.5   348.5   523.1   592.2   660.2   748.6   872.7  1003.3  1179.8  7066.6 30853.0 37111.5  81784.0    82064
read      556.8   877.1    80.4   127.8   148.4   390.4   535.9   633.7   722.5   887.9  1146.1  1433.7  2834.1  8656.2 31934.1  30576.4    30534
read      497.6   868.7    80.4   126.8   146.4   377.1   508.3   583.4   641.4   724.2   879.4  1148.0  1986.6  7095.4 33092.4  25379.4    25449
read      880.9  2164.6    80.4   184.8   245.6   462.8   562.3   654.5   741.3   856.1  1080.8  2179.6  8969.1 31840.4 38775.1  67497.0    67525
read      546.2   899.8    74.4   128.8   149.5   395.7   540.1   634.1   721.4   869.9  1081.5  1326.0  2333.0 10041.7 35220.8  27057.2    27070
read      626.1  1251.0    74.4   130.0   152.4   394.6   533.9   640.9   744.9   963.3  1318.1  1694.7  4306.4 20060.1 36821.3  40981.0    41133
read      543.3   870.7    74.4   126.3   147.5   385.7   527.4   624.4   712.8   864.5  1086.6  1330.0  2827.1  7376.3 31892.4  28030.4    28009
read      818.8  1701.6    80.4   167.7   223.6   475.6   597.5   714.0   834.9  1055.2  1586.7  2106.0  6216.4 30982.7 37588.2  64333.6    64235
read      492.2   909.3    80.4   132.0   153.8   386.5   501.0   564.4   615.4   684.1   797.9   999.1  2577.3  9099.0 32416.6  16322.0    16387
read      800.5  1651.6    74.4   162.2   207.9   459.9   592.8   707.6   837.4  1116.6  1592.8  2050.3  6671.5 30729.6 36962.0  62509.4    62388
read      434.9   360.0    74.4   128.3   151.7   403.3   508.8   570.4   616.3   669.7   733.9   830.6  1121.5  3912.1 11571.7  40244.2    40199
read      417.9   341.5    74.4   138.8   165.1   414.0   508.6   550.9   580.3   614.2   656.7   722.5   917.7  3306.5 13842.2  16827.6    16884
read      413.8   302.8    68.9   127.7   150.4   375.9   484.0   542.3   587.3   643.3   718.1   824.3  1093.6  2028.8 11483.9  55509.8    55763
read      430.4   324.2    68.9   128.1   151.9   396.6   504.7   566.2   611.3   666.4   733.3   837.8  1141.5  3343.1 11073.5  41998.8    41925
read      428.6   305.7    68.9   128.1   151.4   397.4   506.3   568.1   614.5   670.5   736.6   838.3  1112.2  2180.1 12247.8  42379.2    42341
read      408.2   284.7    68.9   139.9   167.7   367.3   459.5   512.8   555.9   611.7   686.9   810.3  1081.7  1923.4 11298.4  93424.2    93577
read      398.3   356.2    86.8   161.2   187.4   373.7   451.5   484.1   506.3   533.4   567.6   624.9   930.8  5416.7 16479.5   7678.4     7657
read      431.2   300.7    80.4   149.4   179.7   415.3   512.9   557.2   585.7   619.9   663.5   734.1   977.7  3510.0 10228.5  14193.2    14232
read      452.6   312.1    74.4   134.1   161.9   427.7   531.4   589.3   632.1   682.7   744.9   847.6  1170.2  2339.5 10436.9  30206.2    30107
read      407.5   301.6    68.9   130.9   154.4   366.6   468.2   525.2   569.8   626.8   704.4   821.9  1080.8  2150.3 10721.3  71175.6    71078
read      395.5   273.3    68.9   133.0   157.9   355.1   451.2   504.9   545.7   598.1   673.8   789.5  1037.4  2324.1  8537.0  85226.2    85372
read      418.4   367.1    74.4   128.4   151.4   380.0   489.3   548.0   592.7   648.7   719.4   820.7  1065.6  2630.7 12883.7  55008.2    54930
read      380.6   492.7    86.8   165.9   191.9   347.3   398.7   435.5   459.0   484.7   514.7   561.9   745.9  7896.5 16053.0   5802.4     5750
read      396.2   287.8    74.4   130.2   154.2   358.6   457.8   511.4   550.5   602.7   674.7   788.7  1031.9  1668.0  9371.1  80010.4    80137
read      418.3   342.8    74.4   127.1   149.9   387.0   495.2   553.0   595.2   646.1   708.8   800.2  1035.4  2743.9 12672.2  41638.2    41449
read      414.8   349.5    74.4   139.6   165.0   397.0   507.4   551.3   581.8   615.4   655.3   718.3   887.4  4067.9 12857.8  17212.4    17301
read      424.1   355.3    74.4   138.0   164.7   404.1   518.6   568.0   600.4   637.0   681.7   747.7   929.6  2500.2 17179.8  19807.2    19930
read      429.1   336.3    68.9   128.6   152.2   395.9   506.9   567.2   613.2   666.2   729.4   823.7  1064.1  3517.7 12283.8  41891.4    41776
read      393.5   265.9    86.8   158.4   184.2   379.3   459.7   497.1   521.8   547.6   582.1   634.4   764.1  3208.3  8699.2   8559.6     8596
read      443.2   334.6    74.4   132.1   159.4   418.3   522.0   579.8   620.9   667.9   726.9   817.6  1060.8  2510.8 12864.8  30747.0    30870
read      408.8   321.8    68.9   130.6   154.0   365.9   468.7   525.6   568.5   622.9   698.8   818.7  1100.1  2825.8 11086.0  69913.2    69978
read      424.7   362.2    74.4   133.0   159.0   393.7   512.6   567.7   604.5   645.0   690.7   766.7   978.7  4660.7  9502.4  23953.0    23908
read      396.9   316.5    80.4   153.9   180.3   380.8   467.9   503.8   529.0   556.4   589.7   640.3   777.2  4061.3 12739.7   9841.0     9848
read      399.3   265.2    68.9   130.6   154.0   360.0   462.7   519.1   561.1   615.0   686.8   800.0  1042.2  1797.7  7823.9  71684.8    71598
read      397.6   258.5    74.4   132.5   156.1   357.4   460.4   515.7   556.8   610.3   682.4   797.3  1036.8  1674.2  7699.6  77123.0    77156
read      398.2   294.9    74.4   143.5   168.5   387.0   486.6   525.8   551.3   581.0   617.7   671.9   806.9  2692.4 12494.0  13936.8    14083
read      398.2   286.7    74.4   134.8   160.0   357.7   454.3   508.2   548.4   599.9   673.4   792.8  1044.5  2064.2 10262.1  87822.4    87786
read      414.9   325.7    74.4   128.7   151.6   374.9   484.8   543.8   588.1   642.6   714.4   824.0  1082.9  2592.4 11544.4  57361.8    57205
read      483.4   625.3    74.4   128.5   152.1   396.6   510.4   578.6   631.0   696.4   795.1  1061.7  2263.2  4043.3 31134.0  53009.4    53142
read      828.8   996.7    80.4   334.4   390.3   544.2   833.1   968.6  1065.1  1242.0  1640.0  2086.7  2973.8 12207.7 32384.0  78009.0    77998
read      429.1   307.8    68.9   150.6   184.4   389.8   478.4   533.1   576.4   630.4   706.7   838.0  1096.1  2053.0 11985.5  98784.2    98830
read      428.6   358.4    68.9   131.2   156.3   394.1   507.3   568.4   612.3   661.5   719.6   805.0  1020.8  3776.4 15319.4  32511.2    32447
read      401.4   288.9    68.9   132.2   155.8   359.0   461.2   517.7   560.6   615.6   688.3   803.3  1063.8  2207.3 11228.9  74485.6    74382
read      426.1   365.6    74.4   128.6   152.6   391.6   505.1   565.6   608.3   656.7   713.9   799.0  1039.1  3503.6 12628.6  32206.2    32271
read      410.0   280.8    74.4   127.8   150.5   376.1   482.7   540.9   584.5   638.3   705.0   804.1  1034.8  2221.9  8531.0  55169.2    55273
read      403.1   325.4    68.9   128.5   151.4   360.9   464.7   522.2   565.7   620.8   691.9   805.7  1057.5  2340.7 11594.6  68114.0    68152
read      418.7   299.2    68.9   131.5   156.7   387.4   507.1   565.2   604.6   647.1   695.6   771.6   941.0  1719.9 12709.9  25444.2    25419
read      416.7   333.0    68.9   126.2   149.2   385.2   488.8   546.8   590.0   642.4   703.1   795.8  1045.5  2938.5 12191.8  43081.6    43187
read      400.0   279.4    68.9   126.6   148.5   365.9   470.0   527.4   570.2   623.1   688.5   787.3  1011.9  1778.5 10607.8  60539.0    60608
read      402.7   309.6    68.9   127.0   148.8   364.4   468.4   525.7   568.4   621.7   690.0   796.6  1038.6  2844.6 12400.9  62147.4    62150
read      414.4   278.7    74.4   128.2   152.6   383.7   493.3   551.6   592.8   639.8   692.6   775.9   991.9  2853.9  8682.6  30975.8    30864
read      397.9   325.9    68.9   128.4   150.7   358.9   460.5   516.8   558.0   610.6   681.4   789.4  1017.2  2321.0 14526.6  69720.0    69566
read      419.2   316.2    74.4   126.9   150.3   388.5   494.1   553.0   598.0   649.3   708.9   798.3  1043.3  2932.1 11893.8  38295.0    38183
read      404.2   261.8    74.4   126.5   148.5   376.3   479.5   536.6   579.6   630.7   691.8   785.8   992.8  1483.3  8035.7  51269.4    51253
read      408.5   355.5    68.9   126.4   148.8   374.2   478.5   536.1   579.9   631.3   693.4   790.3  1013.4  2859.8 12711.8  53118.2    53027
read      415.5   329.7    74.4   124.9   148.1   385.5   490.5   549.2   592.3   641.4   698.9   788.3  1004.1  2381.5 12028.6  37127.8    37133
read      395.1   281.8    74.4   129.1   152.2   357.7   456.4   510.6   551.4   604.8   676.6   787.3  1012.6  1694.4 11472.7  73571.4    73413
read      393.2   295.1    74.4   130.9   153.9   352.9   450.4   506.0   547.0   600.5   672.9   783.7  1019.8  1938.5 11480.2  78811.2    78811
read      396.1   308.6    74.4   134.4   159.4   356.6   451.1   504.5   544.7   594.9   668.1   782.0  1018.6  2190.1  9770.2  88356.6    88317
read      409.7   276.6    74.4   126.2   149.2   381.8   485.2   542.9   586.6   638.2   699.5   791.1  1004.1  1780.5  9686.6  46474.2    46504
read      411.0   302.5    74.4   126.2   149.4   382.8   487.0   543.9   587.1   638.9   700.2   791.9  1006.2  1974.2  8255.9  46207.0    46147
read      421.4   364.4    74.4   127.1   151.0   389.6   497.2   557.0   600.2   651.4   709.7   795.5  1018.1  3270.5 12788.5  35192.6    35073
read      416.7   283.4    74.4   139.1   164.4   394.9   516.1   565.3   596.8   632.7   675.4   736.9   897.1  2981.1 12137.0  18652.2    18693
read      411.8   264.9    74.4   127.4   150.1   383.3   489.4   545.8   590.0   640.8   704.9   797.3  1012.9  1739.9  8431.1  46619.2    46834
read      399.8   286.8    74.4   131.5   155.2   359.4   460.1   516.4   559.4   613.1   684.4   797.3  1052.7  1848.2 10211.9  76541.0    76427
read      410.3   281.0    74.4   143.1   172.1   370.9   464.3   517.2   557.9   609.6   680.3   803.1  1067.2  1918.0 10715.1  95972.4    96007

Total QPS = 51272.8 (92291088 / 1800.0s)

Total connections = 64
Misses = 0 (0.0%)
Skipped TXs = 0 (0.0%)

RX 22795898983 bytes :   12.1 MB/s
TX          0 bytes :    0.0 MB/s
Warning! Detected max cpu usage > 95%
CPU Usage Stats (avg/min/max): 99.98%,42.78%,100.00%
