./mcperf -s 10.156.15.221 --loadonly && ./mcperf -s 10.156.15.221 -a 10.156.15.223 --noload -T 16 -C 4 -D 4 -Q 1000 -c 4 -t 1800 --qps_interval 10 --qps_min 5000 --qps_max 100000 --qps_seed 42
Random waveform, supplied seed
Total number of intervals = 180 (5031, 54838, 74868, 30015, 40743, 23648, 97712, 53672, 55395, 29425, 15173, 82475, 90555, 47944, 28313, 28504, 22886, 35717, 14828, 81704, 55771, 85226, 75020, 12441, 56208, 17446, 86943, 49138, 49839, 47752, 27181, 6170, 7187, 99387, 91970, 79658, 59230, 78081, 64242, 37702, 40686, 30376, 38416, 65892, 39560, 10016, 55224, 19982, 48114, 36283, 23315, 11150, 98724, 56880, 13467, 99368, 46206, 71651, 22741, 56654, 99570, 23047, 70008, 42943, 46704, 75970, 21917, 82027, 81583, 14259, 7821, 17727, 65559, 41133, 28693, 53141, 54512, 14835, 98446, 38117, 77994, 30209, 68315, 91940, 49308, 46880, 92540, 49396, 97841, 35404, 80451, 87228, 75554, 57964, 83546, 55468, 34203, 37629, 34577, 47426, 58845, 66993, 10977, 51529, 48344, 5902, 71602, 41886, 47456, 93939, 16890, 45689, 32790, 44044, 28149, 39739, 72475, 93882, 6692, 50406, 83055, 55609, 16968, 43031, 17236, 82183, 42212, 12244, 61777, 36984, 29093, 41715, 34838, 63574, 24401, 32025, 98971, 23657, 67877, 53849, 79536, 17081, 39024, 26125, 33388, 20979, 95865, 73949, 60987, 54175, 51484, 39771, 32864, 42033, 43808, 45785, 35582, 38504, 15320, 74264, 43890, 5962, 38365, 55971, 23217, 87681, 91728, 96668, 80475, 27150, 53444, 23737, 87776, 82175, 98548, 37704, 64701, 69089, 89785, 16676)
Average QPS expected = 50230
Timestamp start: 1621789363970
Timestamp end: 1621791164376

#type       avg     std     min      p5     p10     p50     p67     p75     p80     p85     p90     p95     p99    p999   p9999      QPS   target
read      277.4   417.4    74.4   147.3   175.3   251.1   277.6   292.9   304.6   318.4   339.0   372.2   502.9  6663.3 15636.0   5052.5     5031
read      347.9   245.0    63.8   114.3   136.6   320.4   400.1   445.5   478.9   520.0   572.3   648.0   868.8  2082.5  7520.9  54769.3    54838
read      425.7   657.3    63.8   117.7   142.2   336.4   420.5   471.9   515.6   574.7   662.4   851.8  2257.2  7621.8 30389.9  74839.4    74868
read      405.4   695.6    63.8   112.9   132.7   318.8   393.7   443.3   484.0   535.2   607.8   843.5  2195.3  7234.9 31126.9  29919.5    30015
read      444.8   947.8    63.8   109.4   127.3   300.7   387.1   441.0   487.2   549.2   666.2  1101.6  2782.6 12783.0 33689.6  40760.5    40743
read      385.5   667.8    68.9   106.4   121.6   273.7   361.9   423.8   477.3   560.7   701.5   916.2  2226.0  7925.0 30699.5  23663.0    23648
read      438.8   724.3    63.8   131.4   163.5   355.9   427.2   470.8   509.6   571.0   661.5   804.9  2369.4  9237.6 31110.3  97862.4    97712
read      540.1   941.9    63.8   117.0   138.4   320.3   418.0   492.7   572.0   762.5  1299.2  1811.4  3040.1 10194.9 32163.0  53696.0    53672
read      479.2   817.2    63.8   111.2   130.5   296.3   385.1   445.8   502.6   592.5   980.8  1645.4  2766.6  7656.5 31496.5  55407.3    55395
read      399.6   736.4    63.8   103.9   119.3   273.0   359.8   418.0   465.7   530.6   660.7   945.5  2634.4  9193.2 30624.3  29389.7    29425
read      348.6   698.9    68.9   107.4   124.0   269.4   343.9   393.7   434.4   493.5   576.2   703.8  1197.7  7304.7 32371.8  15139.2    15173
read      482.9   940.0    63.8   121.8   151.0   348.4   417.8   467.0   517.0   594.1   702.9  1115.1  2906.0 12224.1 32121.6  82404.5    82475
read      487.9  1058.4    59.1   126.8   159.9   359.7   427.0   471.0   517.0   591.1   691.6   854.2  3191.6 13111.0 34565.9  90583.7    90555
read      476.8   912.4    63.8   108.0   126.2   293.3   380.1   437.4   492.8   575.5   825.3  1491.0  3106.6  9023.5 32427.2  47940.8    47944
read      396.1   700.0    63.8   104.1   118.8   272.7   360.8   424.8   481.3   569.9   758.4   998.4  2631.1  7375.9 30813.2  28437.0    28313
read      428.4   933.7    68.9   104.2   119.2   273.6   365.1   433.1   497.9   619.6   812.0  1064.5  2807.8 13002.2 35645.4  28674.2    28504
read      415.2  1150.5    63.8   104.3   119.3   273.1   360.6   419.4   467.8   545.3   686.2   898.2  2768.2 16046.4 45487.8  22949.9    22886
read      377.0   616.6    63.8   103.5   118.1   268.4   352.4   409.8   457.6   524.9   657.1   966.2  2260.6  6870.6 30130.2  35792.2    35717
read      426.6  1112.2    68.9   107.8   125.1   284.7   375.7   444.5   505.2   578.0   663.3   798.6  2917.6 17227.6 35646.4  14852.9    14828
read      628.6  1370.6    63.8   140.8   185.2   373.6   450.6   518.6   596.4   693.4   869.5  1738.2  5910.9 17208.2 36146.2  81791.7    81704
read      493.8   869.7    63.8   108.8   128.5   296.1   383.2   446.0   509.9   613.5  1055.0  1671.3  3155.0  7946.7 31729.6  55727.7    55771
read      678.0  1507.0    63.8   162.8   214.1   380.7   457.2   533.0   616.0   708.9   871.4  1853.1  7368.7 23526.3 36404.4  85236.5    85226
read      670.8  1578.9    63.8   137.0   171.8   352.2   430.2   499.7   575.7   671.6   883.0  2640.9  7150.6 25734.5 36359.9  74924.7    75020
read      361.4   703.4    68.9   107.6   126.0   275.5   345.2   394.9   436.9   492.6   565.8   674.7  2227.1  7865.6 31475.1  12532.0    12441
read      486.6   943.5    63.8   108.7   128.1   297.1   382.9   440.2   495.8   578.5   791.4  1556.3  3224.8  9300.5 31930.7  56215.1    56208
read      373.7   770.5    63.8   104.0   119.7   271.2   350.6   402.5   446.7   509.4   612.8   779.4  2794.7 10661.9 31569.6  17453.5    17446
read      542.0  1114.5    63.8   131.6   169.6   368.2   437.7   492.1   546.8   635.6   755.6  1444.9  4435.9 12416.2 35409.9  86932.3    86943
read      518.4  1010.8    68.9   110.2   128.6   301.7   396.4   461.6   521.4   617.5   933.6  1689.5  3779.0 10164.0 32252.1  49051.5    49138
read      613.0  1353.7    63.8   113.1   134.0   319.7   413.4   478.3   541.4   642.8  1031.0  2950.8  5537.4 15840.8 35769.0  49764.5    49839
read      478.0   971.7    63.8   106.2   123.4   287.5   376.9   434.4   486.3   559.3   720.2  1366.9  3349.7 11031.3 31776.7  47786.9    47752
read      363.7   497.7    63.8   102.7   117.6   275.2   360.2   418.7   467.3   532.4   661.8   899.5  1506.4  4863.9 21757.0  27230.8    27181
read      339.3   744.6    68.9   121.7   153.4   267.1   321.3   357.5   383.6   414.7   456.8   529.8  2037.7  7621.3 36209.2   6146.0     6170
read      347.7   648.0    74.4   120.7   149.7   272.2   334.3   375.2   407.0   445.9   496.8   586.1  1978.7  6980.2 30503.7   7193.4     7187
read      566.5  1170.5    63.8   165.4   220.1   396.3   456.0   503.7   570.9   670.3   771.6   927.2  4827.7 12854.7 33607.8  99254.2    99387
read      600.4  1345.0    63.8   153.4   205.5   383.5   447.2   500.6   570.4   669.6   781.8  1444.7  5895.5 17331.9 35324.9  91907.9    91970
read      652.2  1456.6    63.8   141.8   183.5   360.3   438.4   518.8   601.4   700.9  1111.0  1869.9  6265.6 23826.3 36528.4  79580.6    79658
read      533.2   795.3    63.8   121.8   145.0   326.3   422.0   498.8   584.1   788.5  1313.8  1756.7  3088.7  8057.3 30438.5  59300.0    59230
read      653.6  1361.0    63.8   144.2   185.2   364.9   452.2   539.3   625.0   739.0  1388.5  1888.5  5707.0 15841.8 36379.5  78303.8    78081
read      503.0   793.8    63.8   114.9   136.4   304.5   393.1   461.3   535.4   692.5  1230.0  1702.2  3069.9  8192.5 30725.7  64311.4    64242
read      389.9   685.0    63.8   103.1   118.8   282.1   366.0   419.6   464.8   522.7   615.4   954.7  3009.1  6729.9 30781.4  37596.0    37702
read      440.4   922.1    63.8   104.6   121.3   287.4   372.4   429.0   477.2   540.2   648.7  1121.8  3221.3 10554.4 32113.0  40678.7    40686
read      400.7   600.0    63.8   104.3   120.1   290.0   378.5   440.9   492.2   562.1   723.3  1025.4  2895.1  6114.7 29021.6  30450.9    30376
read      417.9   811.3    63.8   104.3   120.2   289.3   377.2   432.9   480.9   542.9   641.3  1027.1  3120.4  9251.7 31398.5  38362.9    38416
read      566.3  1123.3    63.8   117.6   142.6   326.1   411.8   479.6   550.3   672.6  1122.6  1873.2  4148.5 12468.3 32359.2  65893.7    65892
read      423.1   749.7    63.8   103.2   119.4   285.0   370.5   427.5   474.7   538.1   649.6  1093.1  3153.7  7334.4 30750.6  39448.0    39560
read      353.6   714.2    74.4   117.4   139.9   279.5   339.8   379.1   412.8   460.4   528.1   636.1  1675.9  8246.8 31111.9  10034.7    10016
read      514.1   947.4    63.8   110.3   130.3   303.2   392.3   457.2   520.2   623.9  1005.0  1685.4  3415.5  8389.9 32116.1  55164.8    55224
read      375.0   624.6    63.8   104.9   120.9   279.8   367.4   426.3   475.5   550.4   667.8   828.1  1960.7  6744.0 30161.8  19922.4    19982
read      491.4   918.0    63.8   107.2   125.6   294.9   385.5   450.5   509.9   608.2   970.3  1517.1  3220.6  8390.4 31656.7  48087.0    48114
read      424.9   758.4    63.8   103.4   119.6   284.0   371.5   433.2   486.3   558.3   760.4  1140.8  3054.4  7447.0 31165.3  36383.1    36283
read      410.9   841.0    63.8   103.4   119.4   283.6   375.8   435.0   479.9   549.1   706.7   920.6  2924.3 10306.7 32176.5  23329.9    23315
read      370.9   733.2    68.9   110.4   131.9   290.2   368.9   423.6   465.7   515.7   574.5   659.0  1921.0  7712.9 32148.6  11182.8    11150
read      397.3   561.0    63.8   121.5   149.3   330.9   400.5   443.5   480.2   535.4   616.6   743.7  1982.9  7261.2 25869.0  98756.8    98724
read      571.1  1181.9    63.8   113.1   135.7   318.6   407.7   482.1   557.1   715.1  1318.2  1846.0  4044.3 15185.1 35373.9  56913.9    56880
read      404.2   881.0    68.9   107.1   127.0   282.6   361.2   410.4   455.5   517.8   598.4   734.6  2965.5 11579.9 31956.5  13541.4    13467
read      393.6   566.5    63.8   120.8   148.4   329.0   399.5   442.6   479.0   533.3   616.5   746.3  1818.3  6641.7 24501.4  99510.4    99368
read      688.8  1499.3    63.8   113.7   137.8   342.6   478.7   623.3   806.0  1061.6  1410.9  2391.7  5652.5 28688.1 37176.7  46246.1    46206
read      601.4  1178.2    63.8   126.0   155.3   338.6   422.8   498.4   581.9   709.1  1321.5  1995.7  4665.1 12716.2 35145.4  71677.6    71651
read      364.4   632.2    63.8   102.5   118.1   270.0   348.8   404.5   447.7   509.1   622.2   809.1  2276.3  7471.5 30668.8  22862.4    22741
read      519.3   967.5    63.8   110.5   131.2   305.4   392.8   455.5   516.8   632.5  1132.0  1752.8  3396.3 10578.7 32053.1  56685.5    56654
read      654.1  1465.5    63.8   243.8   296.4   411.4   464.1   528.4   633.8   714.3   794.3   918.9  8224.2 19902.9 36633.9  99591.2    99570
read      385.1   602.9    63.8   103.5   119.1   275.7   359.4   419.1   471.9   563.4   708.5   911.8  2612.0  7206.4 19447.0  23072.5    23047
read      579.7  1208.7    63.8   122.4   150.6   333.2   413.3   480.5   552.7   668.4  1078.7  1898.5  4698.1 16107.9 35627.8  70038.8    70008
read      448.7   821.2    63.8   105.2   123.0   289.7   373.9   432.7   491.5   585.8   930.6  1347.7  2746.9  7758.6 32340.0  42976.9    42943
read      462.8   810.0    63.8   105.5   123.2   288.7   377.8   439.6   505.9   628.1  1039.9  1455.2  2723.9  7401.5 31785.7  46552.6    46704
read      682.1  1204.1    63.8   146.7   191.3   373.6   470.0   595.6   709.1  1070.3  1569.8  2017.5  4788.0 13506.6 32472.0  76011.8    75970
read      379.9   682.3    68.9   104.2   120.5   268.2   364.9   422.1   470.3   551.6   680.4   865.6  2360.2  7539.6 32045.3  21981.8    21917
read      496.7  1093.0    63.8   121.2   151.5   348.9   418.5   464.9   510.4   582.9   682.2   882.3  4316.9 12472.6 32867.3  82076.9    82027
read      514.4  1160.6    63.8   121.9   153.4   350.0   419.9   467.9   515.7   590.0   691.1   934.7  4816.1 13012.3 32406.0  81582.0    81583
read      345.0   550.7    68.9   112.5   132.3   271.6   341.7   399.0   435.6   475.4   541.3   670.6  1644.8  6307.3 25333.8  14253.6    14259
read      320.6   568.8    74.4   128.3   153.4   258.0   308.7   342.0   370.3   414.5   460.1   525.6  1683.9  7388.9 24016.9   7826.4     7821
read      357.4   597.4    68.9   109.9   127.9   273.5   353.4   408.6   455.6   510.4   599.6   757.0  1479.5  6449.0 30664.6  17718.9    17727
read      530.5   920.3    63.8   117.4   140.9   313.7   400.0   470.7   545.7   687.1  1257.1  1816.1  3214.1  9776.8 31640.4  65448.8    65559
read      419.1   616.9    63.8   105.7   122.2   278.8   365.2   426.8   487.5   593.0   913.6  1268.9  2305.8  6311.2 27273.7  41182.5    41133
read      374.0   609.7    63.8   104.0   119.1   266.4   348.6   406.1   458.1   532.8   682.4   913.2  2235.6  6323.6 29837.7  28621.6    28693
read      468.1   873.9    63.8   108.9   127.0   285.8   374.5   433.5   490.6   585.9   926.4  1543.0  3118.3  9482.8 31924.4  53166.3    53141
read      484.9   779.6    63.8   110.5   130.4   295.6   386.5   454.5   526.4   682.1  1160.4  1618.7  2489.9  7200.3 30991.4  54540.6    54512
read      352.8   729.5    63.8   107.5   123.6   264.2   335.5   384.7   428.0   486.6   565.1   693.3  1935.1  9452.7 32367.6  14910.4    14835
read      480.4   878.4    63.8   132.9   170.2   374.0   437.2   480.9   527.6   609.7   723.9   895.4  2200.8 12122.8 31934.5  98488.1    98446
read      481.0   911.8    63.8   107.5   125.3   294.0   383.8   458.2   532.6   703.0  1026.8  1382.2  3219.4  9865.6 31983.2  38066.6    38117
read     1085.6  1683.4    63.8   210.9   280.6   639.5  1082.6  1383.3  1610.3  1911.7  2223.9  2664.1  6117.1 30401.3 37709.8  77848.8    77994
read      522.0  1685.8    63.8   113.0   136.5   357.1   434.1   469.5   505.9   591.3   772.4   951.7  3132.5 31396.3 39884.8  30159.1    30209
read      479.1   924.2    63.8   116.7   142.5   331.1   412.2   466.0   515.5   586.3   711.1  1422.5  2884.2 12334.5 32281.8  68274.6    68315
read      397.5   579.9    63.8   118.6   145.1   331.8   404.4   449.3   485.9   536.9   617.1   756.4  1816.5  7135.1 29753.1  91758.5    91940
read      506.5   701.8    68.9   113.2   134.3   319.9   413.3   489.4   567.5   824.4  1343.8  1690.4  2218.7  6732.5 30302.1  49349.6    49308
read      516.0   740.1    63.8   113.5   135.0   326.5   418.7   494.9   576.0   893.8  1352.2  1681.1  2234.8  8084.0 30499.2  46940.4    46880
read      404.3   543.8    59.1   120.6   148.7   341.6   415.1   458.2   494.0   545.9   631.0   780.7  1750.7  6411.7 19087.9  92491.3    92540
read      491.7   770.2    63.8   111.2   130.9   306.9   401.3   474.5   553.3   752.0  1215.4  1593.6  2285.2  7711.6 31168.1  49342.4    49396
read      406.8   555.4    63.8   122.9   152.7   346.0   419.4   462.3   499.1   552.3   637.0   784.5  1636.7  6649.6 25250.9  97781.6    97841
read      432.0   669.0    63.8   107.7   125.3   291.9   377.9   442.0   503.4   610.9   936.5  1301.1  2005.0  6317.6 30024.4  35487.7    35404
read      525.2  1210.4    63.8   125.1   157.8   365.0   437.4   487.1   534.4   606.5   711.1   927.4  4819.0 16878.0 35771.4  80467.2    80451
read      407.2   560.0    63.8   120.6   147.8   342.9   419.9   464.9   501.8   553.5   636.7   781.7  1672.8  7032.9 23343.0  87180.8    87228
read      526.1  1236.5    63.8   119.6   149.7   349.1   421.5   473.0   523.6   597.0   704.8  1204.8  5296.9 16576.3 35510.1  75666.3    75554
read      513.0   839.2    63.8   113.6   135.4   316.8   412.7   493.2   579.1   816.3  1257.7  1577.0  2515.5  9698.4 31320.5  57967.3    57964
read      421.5   723.5    63.8   117.7   144.2   339.4   411.9   457.6   496.5   551.9   641.2   800.5  1885.9  8776.3 31456.2  83659.6    83546
read      516.4   759.6    63.8   114.7   136.9   323.4   423.2   510.9   622.2   922.3  1279.4  1578.0  2288.6  8232.8 30145.7  55478.1    55468
read      434.2   616.7    63.8   107.9   126.1   295.8   385.7   459.6   534.4   712.5   995.0  1226.3  1832.7  5800.9 30185.2  34155.7    34203
read      459.7   750.1    68.9   108.5   126.3   295.8   388.5   464.9   549.6   776.5  1055.3  1285.6  2654.8  7967.7 31145.1  37615.6    37629
read      487.4   910.2    63.8   110.4   129.8   307.0   402.8   497.2   613.5   876.6  1071.4  1270.0  2594.1  9659.5 32168.3  34672.6    34577
read      537.8   969.5    63.8   112.9   133.7   325.6   426.4   523.8   654.0   968.1  1254.6  1546.8  2852.7 12434.5 31942.2  47467.8    47426
read      499.2   704.5    63.8   115.8   138.0   319.6   419.8   501.1   587.3   825.8  1220.6  1582.2  2213.0  7369.7 30127.6  58770.5    58845
read      501.6  1021.7    63.8   119.4   145.7   344.0   431.4   487.5   535.8   606.5   745.9  1315.3  3529.8 13033.8 32204.4  66827.7    66993
read      408.5  1185.1    68.9   114.8   136.4   276.7   351.5   403.5   446.7   498.1   568.9   696.4  3101.4 16512.9 37770.7  11001.7    10977
read      513.7   772.1    63.8   111.8   132.7   321.2   423.1   515.6   633.4   890.1  1249.8  1559.0  2486.3  7539.3 30962.2  51550.6    51529
read      517.6   717.7    63.8   111.0   131.8   326.4   429.7   540.3   674.7   954.6  1274.9  1553.2  2408.8  6348.6 29553.3  48273.5    48344
read      349.0  1161.9    74.4   127.9   158.7   253.5   298.3   327.3   350.4   378.5   420.4   500.4  2015.8 21017.1 40012.2   5895.9     5902
read      507.5  1130.5    63.8   117.7   146.1   347.6   429.5   484.8   533.2   600.7   703.4  1085.6  4510.4 13415.3 35155.0  71712.7    71602
read      474.1   816.9    63.8   107.4   125.6   306.8   410.9   491.7   573.0   738.3  1055.0  1364.5  2428.2  8646.5 31516.9  41888.3    41886
read      491.3   940.5    63.8   107.7   126.2   306.7   408.3   487.2   563.0   692.9  1023.2  1455.6  3241.4 10066.7 32000.7  47385.5    47456
read      423.2   660.7    63.8   120.6   149.6   343.7   416.9   463.2   504.4   564.9   651.6   797.9  2060.3  8478.7 30560.9  93749.1    93939
read      385.0   939.2    63.8   105.0   120.6   279.0   361.8   416.8   462.9   526.7   610.0   746.0  1854.0 13059.6 32414.9  16905.2    16890
read      410.9   707.0    63.8   103.7   119.2   261.8   354.2   414.4   468.1   546.9   706.4  1064.9  4136.2  6376.1 21176.3  45754.9    45689
read      383.6   614.3    63.8   102.2   116.9   267.5   356.9   417.1   467.2   540.8   696.4   973.8  2424.8  5929.4 23605.4  32679.6    32790
read      431.7   825.1    63.8   105.0   121.3   270.2   359.4   418.0   469.5   547.9   721.2  1097.5  4189.4  7233.8 31248.0  43892.1    44044
read      389.1   648.4    63.8   103.2   118.1   266.3   356.6   419.1   473.5   558.0   707.5   937.0  2825.1  6368.1 29553.9  28257.8    28149
read      415.8   786.5    63.8   104.4   120.3   268.3   356.9   414.6   467.5   546.9   708.8  1031.2  4054.7  7765.9 30044.6  39757.5    39739
read      705.1  1440.8    63.8   141.5   181.6   367.3   465.8   569.7   663.8   853.4  1480.1  2083.9  5783.3 17844.6 35778.9  72295.5    72475
read      668.3  1350.4    68.9   224.0   286.4   421.1   484.2   559.9   660.1   751.1   862.7  1500.0  6414.3 15467.1 32508.2  93765.2    93882
read      384.6  1274.4    80.4   124.9   153.2   257.1   308.6   341.2   367.4   399.0   445.4   534.1  2917.0 24782.5 36046.4   6725.1     6692
read      426.2   716.6    63.8   105.9   122.7   277.8   368.9   428.8   483.4   567.0   823.0  1223.0  2961.9  7993.4 28457.7  50401.2    50406
read      497.5  1113.5    63.8   120.7   151.7   352.2   423.3   471.2   519.5   592.0   692.1   912.0  4441.6 13489.7 35258.5  83080.4    83055
read      524.3   840.7    63.8   114.4   136.8   323.5   422.6   504.5   594.0   830.1  1281.4  1608.4  2825.8  9619.2 31086.7  55608.0    55609
read      372.2   762.0    68.9   106.3   122.2   270.2   348.3   400.4   446.0   513.3   612.7   776.7  1792.5  9174.5 31387.8  17150.9    16968
read      504.8   830.4    63.8   109.7   129.3   307.6   403.7   485.5   578.9   873.0  1226.0  1544.4  2725.7  8212.7 31156.4  43091.9    43031
read      409.0   921.2    68.9   107.4   124.2   276.5   369.0   437.3   505.4   596.6   701.0   867.8  2280.6 10232.0 35329.9  17202.4    17236
read      699.0  1553.1    68.9   169.2   222.2   391.0   469.3   557.8   644.5   744.4   941.9  1928.6  7584.7 22098.1 37028.4  82077.8    82183
read      375.0   353.1    63.8   109.7   129.3   305.5   381.3   429.5   468.8   521.5   604.1   994.8  1605.6  3167.0  7949.9  42277.1    42212
read      278.6   355.1    63.8   116.8   136.3   262.4   307.0   331.7   349.2   370.8   399.3   446.8   587.9  4136.0 12786.9  12269.4    12244
read      331.0   223.7    63.8   109.0   129.1   304.9   379.8   422.2   454.2   493.6   544.6   624.6   867.9  1895.1  6357.2  61693.1    61777
read      318.6   218.3    63.8   107.5   126.6   296.7   362.8   402.0   433.2   470.3   517.3   587.2   830.1  1712.0  6798.7  36976.9    36984
read      320.5   314.8    63.8   109.0   127.4   295.9   359.4   398.9   430.4   467.6   514.6   586.6   857.9  2504.8  7954.8  29034.5    29093
read      347.5   244.8    63.8   109.3   128.9   324.2   398.5   441.8   474.3   515.2   568.7   655.4   990.4  1850.3  7726.7  41684.0    41715
read      349.2   257.4    63.8   110.4   130.7   319.3   393.8   440.5   475.7   517.6   570.1   663.7  1064.9  1850.9  8295.4  34880.0    34838
read      351.8   262.2    63.8   111.3   131.9   319.9   394.8   438.9   474.5   522.4   584.9   683.2  1138.6  2190.2  7545.3  63639.6    63574
read      334.1   303.8    63.8   112.1   133.4   299.2   364.2   403.8   434.4   469.3   517.2   611.5  1242.5  2335.7  7896.6  24413.7    24401
read      349.9   296.7    63.8   110.7   132.0   312.4   382.2   426.4   460.2   500.7   553.0   652.8  1356.9  2483.9  9144.3  31979.9    32025
read      352.1   293.1    63.8   116.3   139.7   314.0   385.8   428.5   463.4   509.6   579.5   691.2  1131.6  2907.5  8042.0  98799.7    98971
read      334.6   308.2    63.8   111.2   129.9   291.0   355.5   397.4   429.2   466.7   518.3   627.0  1414.6  3341.4 11310.7  23659.9    23657
read      353.4   280.4    63.8   110.4   131.3   315.0   393.6   438.6   472.4   515.3   574.5   673.8  1355.9  2461.5  8427.7  67909.9    67877
read      361.5   298.3    63.8   112.3   134.6   322.4   400.3   444.9   478.9   522.2   579.4   680.6  1393.3  2828.5  9439.6  53763.1    53849
read      341.3   256.9    63.8   110.4   130.9   310.7   385.6   429.9   465.2   511.2   574.5   666.8   933.3  2151.7  8844.7  79685.8    79536
read      303.3   299.6    63.8   111.7   131.5   280.4   340.6   378.4   406.0   435.9   471.0   527.3   708.1  2248.9  9856.2  17089.7    17081
read      341.8   281.2    63.8   109.8   129.7   312.6   383.0   424.8   458.9   503.0   559.2   643.6  1045.2  2098.2 12278.4  38997.3    39024
read      323.6   300.9    63.8   110.2   130.5   299.8   364.8   402.6   432.0   465.8   508.1   585.2   807.4  3218.7  9942.4  26044.9    26125
read      323.1   238.5    63.8   109.3   129.7   302.1   367.8   407.3   437.1   472.1   517.4   586.0   826.4  1743.1  9688.3  33408.7    33388
read      297.4   260.7    63.8   112.1   131.6   277.8   335.4   369.9   395.4   425.4   463.3   521.6   680.9  1743.7  9719.2  20919.5    20979
read      342.3   253.3    63.8   113.8   137.1   311.1   381.4   423.0   456.8   500.7   566.1   675.9   942.3  2131.8  8289.0  95849.0    95865
read      341.8   263.5    59.1   107.0   128.3   310.6   384.4   426.8   460.5   504.3   565.7   665.6  1043.7  2183.3  9313.3  73893.2    73949
read      338.1   249.0    63.8   110.7   131.6   310.1   384.1   427.1   460.1   500.7   552.2   635.2   934.2  2047.7  8580.5  60900.2    60987
read      333.6   241.9    63.8   109.9   131.2   309.6   381.5   422.7   454.1   493.1   543.1   619.6   856.1  1862.1  7911.2  54292.9    54175
read      330.6   288.6    63.8   109.9   131.2   306.7   377.4   417.4   447.8   485.2   534.2   608.9   832.2  1734.1 10581.7  51578.1    51484
read      324.5   215.9    59.1   109.8   129.8   304.7   372.0   412.1   442.5   479.2   526.3   596.9   811.9  1586.7  8055.0  39838.0    39771
read      315.3   250.8    63.8   108.1   126.8   293.8   358.8   397.9   427.9   463.5   508.7   577.9   776.6  1641.8  8733.9  32865.3    32864
read      322.4   216.1    63.8   110.3   130.2   301.3   369.1   407.7   438.5   475.5   522.9   591.6   802.4  1650.7  7752.8  42049.1    42033
read      321.8   217.9    59.1   108.7   128.5   300.3   369.7   408.8   438.8   476.7   526.2   595.7   807.6  1648.9  5296.8  43912.1    43808
read      324.0   212.2    63.8   109.8   129.8   303.4   374.1   413.2   442.3   478.6   526.8   598.9   793.5  1681.4  6992.9  45813.1    45785
read      316.2   272.5    63.8   107.7   126.6   296.1   360.1   397.4   426.2   461.1   506.0   576.2   788.4  2329.5  9261.2  35651.9    35582
read      321.1   268.6    63.8   108.9   128.2   301.1   368.0   405.9   434.9   469.6   515.0   583.7   792.4  1751.4  9145.2  38467.5    38504
read      279.3   247.2    63.8   111.2   128.8   262.1   313.7   342.4   364.2   389.0   419.7   467.1   609.4  2956.7  9333.4  15276.3    15320
read      332.9   245.7    63.8   109.9   130.4   302.0   373.8   418.2   452.4   495.1   552.0   641.2   952.7  2142.1  7601.3  74244.6    74264
read      323.5   233.2    63.8   107.9   127.8   302.3   370.9   410.0   440.4   477.7   526.5   595.1   821.3  1651.0  8653.4  43886.3    43890
read      251.4   259.7    74.4   129.3   155.1   234.6   263.5   279.5   291.4   306.0   324.3   359.6   471.2  4470.4  9499.4   5992.3     5962
read      336.6   279.0    63.8   112.0   134.3   312.2   383.8   423.1   452.7   489.3   536.3   609.2   857.3  2627.7  8846.9  38436.6    38365
read      334.8   262.8    59.1   110.7   131.6   309.9   384.6   426.2   457.1   495.3   545.2   622.5   844.1  2131.8  8267.0  56018.1    55971
read      301.3   246.4    63.8   108.6   126.6   278.8   340.6   378.1   405.1   437.5   477.6   537.8   734.0  1913.3  8202.4  23319.8    23217
read      337.8   275.4    63.8   112.2   134.0   305.3   374.8   417.7   451.6   496.5   561.1   661.6   927.8  2405.0  9934.0  87802.5    87681
read      338.0   250.1    63.8   113.5   135.9   306.3   375.0   418.1   452.7   498.0   562.5   662.9   922.3  2201.6  8169.9  91723.7    91728
read      335.9   250.3    63.8   114.1   136.7   303.5   372.8   415.9   450.1   495.0   558.6   658.9   906.0  2163.6  8908.0  96322.3    96668
read      330.5   257.4    59.1   109.6   129.6   300.2   372.5   416.7   451.2   496.0   557.2   651.4   886.2  2011.3  7632.6  80443.4    80475
read      313.0   252.5    63.8   106.4   124.5   289.6   352.3   392.1   422.8   459.6   505.4   581.4   806.6  1608.0  9296.9  27118.5    27150
read      329.9   237.7    59.1   107.7   127.1   302.3   378.1   420.0   451.3   491.0   543.2   626.0   887.9  1860.3  7365.6  53418.6    53444
read      307.7   299.4    63.8   108.3   126.5   283.9   345.7   384.3   412.3   444.9   486.7   552.5   790.0  2321.0  8755.8  23848.7    23737
read      339.6   285.8    63.8   111.6   132.7   304.9   377.2   421.9   457.0   502.1   568.5   673.3   963.1  2417.7  8560.3  87765.7    87776
read      341.0   251.6    63.8   111.2   132.0   308.6   382.1   426.3   461.1   505.4   568.1   666.4   946.9  2499.7  7833.0  82172.7    82175
read      344.2   288.8    63.8   114.8   137.6   308.5   380.3   424.1   458.8   504.0   569.2   671.0   978.9  2408.8 10580.6  98807.2    98548
read      347.7   302.9    63.8   108.3   128.0   320.2   394.1   438.3   472.0   512.3   564.3   647.6  1026.6  2866.0  8588.7  37714.9    37704
read      347.2   271.6    63.8   109.0   129.1   316.9   394.7   439.9   474.2   517.8   575.9   667.8   992.2  2384.0  9408.0  64729.6    64701
read      346.0   269.2    63.8   108.6   128.6   315.5   392.1   435.5   469.5   514.6   576.1   673.4   996.8  2093.0  9492.8  69013.5    69089
read      348.6   298.7    63.8   113.0   135.4   313.6   386.9   429.9   463.7   508.2   577.0   686.7  1009.5  2559.9  9355.8  89762.7    89785
read      315.0   310.7    63.8   111.6   132.0   288.0   349.4   383.6   407.3   435.4   473.2   548.1   920.7  3800.6 10878.7  16660.3    16676

Total QPS = 50232.2 (90417968 / 1800.0s)

Total connections = 64
Misses = 0 (0.0%)
Skipped TXs = 0 (0.0%)

RX 22333239084 bytes :   11.8 MB/s
TX          0 bytes :    0.0 MB/s
Warning! Detected max cpu usage > 95%
CPU Usage Stats (avg/min/max): 99.96%,49.22%,100.00%