ubuntu@client-measure-lc9m:~/memcache-perf-dynamic$ ./mcperf -s 10.156.0.31 -a 10.156.0.30 --noload -T 16 -C 4 -D 4 -Q 1000 -c 4 -t 1800 --qps_interval 10 --qps_min 5000 --qps_max 100000 --qps_seed 42
Random waveform, supplied seed
Total number of intervals = 180 (5031, 54838, 74868, 30015, 40743, 23648, 97712, 53672, 55395, 29425, 15173, 82475, 90555, 47944, 28313, 28504, 22886, 35717, 14828, 81704, 55771, 85226, 75020, 12441, 56208, 17446, 86943, 49138, 49839, 47752, 27181, 6170, 7187, 99387, 91970, 79658, 59230, 78081, 64242, 37702, 40686, 30376, 38416, 65892, 39560, 10016, 55224, 19982, 48114, 36283, 23315, 11150, 98724, 56880, 13467, 99368, 46206, 71651, 22741, 56654, 99570, 23047, 70008, 42943, 46704, 75970, 21917, 82027, 81583, 14259, 7821, 17727, 65559, 41133, 28693, 53141, 54512, 14835, 98446, 38117, 77994, 30209, 68315, 91940, 49308, 46880, 92540, 49396, 97841, 35404, 80451, 87228, 75554, 57964, 83546, 55468, 34203, 37629, 34577, 47426, 58845, 66993, 10977, 51529, 48344, 5902, 71602, 41886, 47456, 93939, 16890, 45689, 32790, 44044, 28149, 39739, 72475, 93882, 6692, 50406, 83055, 55609, 16968, 43031, 17236, 82183, 42212, 12244, 61777, 36984, 29093, 41715, 34838, 63574, 24401, 32025, 98971, 23657, 67877, 53849, 79536, 17081, 39024, 26125, 33388, 20979, 95865, 73949, 60987, 54175, 51484, 39771, 32864, 42033, 43808, 45785, 35582, 38504, 15320, 74264, 43890, 5962, 38365, 55971, 23217, 87681, 91728, 96668, 80475, 27150, 53444, 23737, 87776, 82175, 98548, 37704, 64701, 69089, 89785, 16676)
Average QPS expected = 50230
Timestamp start: 1622162154459
Timestamp end: 1622163954843

#type       avg     std     min      p5     p10     p50     p67     p75     p80     p85     p90     p95     p99    p999   p9999      QPS   target
read      396.2  1418.6    80.4   149.0   179.4   283.2   323.1   355.5   386.9   417.4   454.0   516.6  1897.2 29324.7 34253.0   5006.8     5031
read      507.0   950.9    68.9   119.4   143.5   358.1   461.3   528.6   586.0   668.7   800.5  1344.4  2949.4 12140.5 32276.3  54807.5    54838
read      517.8  1068.5    63.8   125.8   155.3   369.4   458.3   520.8   577.3   653.2   763.4  1079.3  3185.5 13013.3 32468.3  74995.8    74868
read      555.4  1093.9    68.9   114.9   135.4   348.9   508.3   630.4   765.8   966.3  1141.2  1337.4  2878.6 17096.7 32028.8  30068.0    30015
read      512.7   922.8    68.9   117.3   138.5   347.0   464.7   552.1   633.9   771.1  1094.5  1439.7  2048.6 11413.7 31983.8  40701.1    40743
read      539.0   887.8    68.9   115.7   136.5   366.2   571.5   723.5   853.2   967.7  1075.5  1218.8  1702.7  8839.1 31645.4  23673.5    23648
read      523.5  1038.8    68.9   150.9   195.4   402.1   479.1   534.4   582.2   653.1   751.3   902.5  3791.3 12772.0 32390.6  97642.0    97712
read      534.3  1022.4    63.8   117.1   139.7   338.9   447.0   529.6   606.5   733.8  1032.9  1616.1  3173.7 13851.9 32098.8  53716.2    53672
read      495.2   840.8    63.8   118.8   142.9   350.2   452.0   522.8   582.1   667.8   822.8  1466.6  2515.5  9460.9 31304.3  55381.3    55395
read      478.9   896.4    68.9   111.9   129.6   335.6   466.3   549.8   618.9   721.8   917.7  1187.2  2237.4  8842.4 31611.9  29477.5    29425
read      476.3  1195.0    68.9   116.2   136.4   342.6   451.0   525.7   582.3   656.8   754.5   908.1  2531.8 28252.9 32156.0  15183.0    15173
read      502.4   998.0    68.9   129.7   159.9   371.9   458.2   520.0   572.7   643.8   749.8   951.3  3339.2 12453.4 32178.6  82421.3    82475
read      488.7   884.9    63.8   135.9   169.1   386.1   469.8   527.5   575.3   640.6   744.5   922.1  2370.0  9882.3 32055.8  90583.2    90555
read      507.7   866.8    68.9   118.5   140.5   348.2   456.0   548.2   621.5   734.2   978.2  1486.3  2342.9  9027.7 31640.3  48013.7    47944
read      588.1  1139.4    68.9   119.1   140.1   365.1   560.4   717.4   884.7  1042.4  1188.2  1379.5  2735.0 13119.3 36727.4  28324.3    28313
read      565.6  1001.3    68.9   120.2   141.3   366.8   555.0   689.0   843.9  1024.3  1179.0  1369.7  2228.8  9825.3 32300.4  28504.2    28504
read      465.0  1047.5    68.9   113.4   130.4   333.3   443.6   520.7   581.3   657.9   785.0  1005.9  2475.5 15697.8 32276.6  22887.0    22886
read      549.3  1044.6    68.9   116.5   135.7   344.4   472.5   593.5   693.0   858.1  1109.5  1418.9  4490.6 10625.2 32035.8  35623.6    35717
read      456.6  1049.0    68.9   118.3   138.6   343.3   439.9   500.9   566.5   639.5   735.2   877.7  2126.3 13929.8 36231.2  14854.1    14828
read      578.8  1238.4    68.9   140.0   179.0   391.7   475.0   538.7   595.3   677.5   795.0  1112.7  5118.7 13206.7 35663.3  81766.5    81704
read      571.5  1046.6    68.9   122.3   145.6   344.0   449.4   538.7   638.9   823.1  1267.8  1773.1  4303.4 11195.5 32358.2  55820.2    55771
read      534.4  1139.8    63.8   136.9   171.8   379.8   462.4   520.3   575.0   651.4   755.1   965.6  4636.7 13592.1 32328.1  85162.1    85226
read      599.0  1254.4    68.9   138.1   173.1   384.8   473.7   541.6   610.5   700.6   850.6  1576.1  5187.3 13755.0 35602.9  74820.5    75020
read      454.0  1048.6    74.4   119.6   141.4   342.1   434.8   495.7   545.2   626.8   712.1   841.5  2765.8 16256.7 36313.8  12505.6    12441
read      601.9  1087.0    63.8   125.9   151.5   364.3   472.5   570.7   687.3   894.8  1360.7  1819.5  4463.9 12486.8 32197.4  56242.9    56208
read      491.5  1065.0    68.9   117.6   137.8   354.6   468.3   543.7   626.0   725.4   844.4  1022.6  2694.1 18094.3 32291.0  17388.5    17446
read      478.2   734.0    68.9   136.2   168.1   384.9   475.3   534.3   584.3   659.8   765.7   961.2  2111.5  8869.0 31140.1  86983.2    86943
read      561.6   905.0    63.8   121.1   143.7   353.4   466.2   562.9   683.7   894.9  1285.1  1706.3  3144.4  9061.7 31392.9  49159.4    49138
read      565.4   986.0    68.9   122.4   144.8   347.8   463.4   560.3   684.0   897.0  1259.5  1681.6  3456.2 11161.3 31904.3  49843.6    49839
read      584.7  1067.4    68.9   122.7   145.3   352.1   470.1   577.0   713.0   950.5  1338.0  1722.3  3474.9 10775.3 35314.3  47724.1    47752
read      464.3   944.6    68.9   113.6   130.6   341.6   460.1   528.8   582.5   672.1   817.2  1059.5  2194.5 11691.7 31810.4  27222.6    27181
read      462.9  1390.4    80.4   144.0   178.6   333.3   400.3   439.2   466.1   500.9   548.9   650.8  3136.3 29055.7 36917.9   6174.3     6170
read      438.3  1437.2    74.4   136.6   167.4   315.9   389.9   432.6   463.2   500.5   550.4   637.1  2106.5 29333.8 36726.4   7166.3     7187
read      454.2   702.4    63.8   138.9   174.0   379.2   458.4   511.2   557.7   621.5   719.8   869.2  1699.4  8734.7 30665.6  99346.8    99387
read      403.3   532.8    63.8   125.6   151.9   343.3   426.9   477.9   520.1   576.5   657.7   801.6  1309.1  5100.1 28864.3  91959.2    91970
read      578.2  1151.7    68.9   136.5   173.9   382.5   468.1   534.2   594.5   686.6   838.7  1541.3  5055.2 12979.2 34961.4  79823.2    79658
read      554.9   907.2    68.9   122.7   146.5   344.9   453.9   540.9   634.0   864.3  1301.3  1714.4  2992.7  8677.6 31759.1  59182.9    59230
read      559.2  1088.2    68.9   133.9   167.7   376.9   463.8   528.9   585.8   666.4   802.1  1470.8  5023.3 10748.3 32268.3  78081.0    78081
read      569.9   993.2    68.9   129.5   156.4   361.0   472.0   550.9   629.5   780.9  1112.9  1658.6  4506.2  9973.0 32023.0  64307.2    64242
read      554.8   936.2    68.9   116.6   137.1   351.9   495.9   626.6   816.8  1029.9  1237.5  1483.1  2263.3  9256.2 32091.1  37504.7    37702
read      540.9   921.9    68.9   115.8   135.4   340.5   472.3   605.2   745.7   998.4  1241.7  1512.6  2186.5  9339.9 32002.5  40693.7    40686
read      520.7  1023.5    68.9   113.7   132.7   345.5   477.3   566.5   655.2   820.5  1036.4  1276.1  3249.5 10394.5 32309.6  30434.1    30376
read      555.9   892.9    68.9   121.8   143.1   360.1   494.2   612.8   747.4   988.4  1234.7  1547.7  2416.6  9586.0 32045.4  38546.7    38416
read      568.9   925.5    68.9   130.2   157.2   352.5   457.6   540.1   622.8   785.7  1229.0  1727.3  4461.4  9329.0 31684.7  65786.0    65892
read      532.0   876.4    63.8   117.0   137.1   340.9   465.6   578.5   716.7   997.8  1225.1  1474.4  2101.8  9407.2 31401.7  39626.7    39560
read      468.0  1406.4    80.4   127.4   152.9   317.1   396.4   447.9   489.4   539.3   599.8   718.0  3431.8 28906.1 36665.8   9973.0    10016
read      549.2   953.8    68.9   120.9   143.2   336.6   446.8   533.7   617.8   813.6  1226.8  1679.0  3503.4  9737.9 31810.0  55122.9    55224
read      435.1   954.6    68.9   115.1   133.2   326.5   435.2   500.7   553.6   622.2   734.0   950.9  1654.2 12745.9 35410.3  19988.8    19982
read      524.6   873.2    68.9   118.4   138.5   328.4   441.8   532.4   622.4   842.5  1209.0  1575.4  2673.2  9026.1 30582.5  48238.3    48114
read      531.0   893.2    68.9   115.8   135.7   342.2   472.8   596.3   731.0   991.1  1186.7  1406.9  2075.0  9278.1 31411.4  36405.5    36283
read      467.0  1035.5    74.4   118.4   137.2   332.1   449.0   520.6   579.0   653.7   791.1  1051.2  2306.9 14531.9 32154.4  23285.5    23315
read      506.7  1160.0    74.4   131.3   157.1   358.9   460.0   527.0   583.8   647.0   735.3   991.3  3399.7 20516.5 32519.6  11096.2    11150
read      498.3   877.0    63.8   144.8   186.5   403.8   482.6   537.3   586.1   658.5   762.3   913.4  1876.7 10207.2 31973.6  98682.0    98724
read      762.1 13102.1    68.9   122.4   147.4   365.8   476.9   560.7   645.6   787.8  1174.3  1953.6  5338.1 28264.4 53482.9  57030.9    56880
read     3581.8 51911.0    68.9   140.5   180.8   550.1   968.9  1393.6  1696.2  2031.9  2485.9  4211.8 32165.3 1369143.3 1625846.1  13469.1    13467
read      495.2   573.9    68.9   157.8   205.5   437.4   521.7   573.4   618.6   686.5   797.2   969.8  1404.3  5759.8 29172.1  99362.4    99368
read      564.5   958.3    68.9   121.4   145.1   371.9   490.3   585.8   677.1   833.4  1206.0  1679.0  2855.7 10467.5 32068.6  46184.5    46206
read      664.5  1462.4    63.8   143.6   183.5   401.8   502.8   579.9   646.3   741.2   910.9  1723.1  5918.9 20964.3 36817.1  71657.1    71651
read      476.4  1030.1    74.4   115.5   133.5   333.8   445.0   515.6   575.1   649.5   757.6   997.8  3698.3 13103.1 32074.7  22755.0    22741
read      674.0  1472.4    68.9   126.8   153.5   360.5   469.0   562.1   647.1   808.5  1372.7  2001.1  5748.8 24959.8 35762.4  56548.0    56654
read      457.2   606.3    68.9   148.2   187.3   396.3   478.0   526.8   566.8   625.4   718.7   867.9  1459.5  6863.6 29606.3  99472.5    99570
read      495.7  1171.3    68.9   114.4   131.9   331.7   441.7   505.9   555.8   626.7   747.8  1029.6  4031.8 20354.8 32347.4  23065.0    23047
read      708.2  1607.5    68.9   141.9   178.0   373.8   468.3   547.0   621.6   726.3  1032.6  2334.8  6849.3 28231.3 36464.0  70057.4    70008
read      558.2  1172.1    63.8   115.1   134.6   329.9   440.9   522.7   598.5   734.9  1104.8  1600.8  4050.7 15536.9 35881.6  42859.9    42943
read      568.6  1099.9    68.9   116.9   137.1   334.9   445.5   528.0   602.7   732.0  1108.6  1717.7  4029.8 11256.4 32825.9  46724.5    46704
read      762.9  1712.2    68.9   171.3   221.3   404.8   503.5   592.3   672.4   783.6  1124.8  2123.2  8106.3 29412.4 37062.9  75905.4    75970
read      426.9   900.1    68.9   115.1   133.9   338.3   435.2   494.6   538.7   593.8   681.2   851.3  1560.2 12039.0 31800.3  21916.3    21917
read      648.7  1447.0    63.8   154.7   201.6   398.8   485.9   559.4   628.9   719.1   859.4  1633.5  6798.3 21838.5 34907.6  81932.2    82027
read      729.4  1744.9    68.9   181.4   237.5   409.1   505.3   584.1   650.7   733.5   873.1  1736.0  8371.4 29935.2 37258.6  81563.8    81583
read      452.5  1063.1    74.4   120.3   141.6   347.3   435.7   488.9   533.0   593.2   683.5   828.9  2755.2 22385.6 32120.5  14201.1    14259
read      415.6  1040.3    74.4   135.6   166.4   345.0   416.8   463.0   498.1   540.7   593.6   673.3   911.2 24442.1 36590.3   7831.9     7821
read      433.0   886.6    68.9   117.8   138.9   360.8   453.1   508.0   552.4   607.3   688.6   841.5  1290.5  7871.7 32235.9  17709.8    17727
read      643.2  1267.8    68.9   132.7   161.2   368.3   470.3   554.7   635.2   769.3  1296.3  2190.7  4636.1 16683.1 32517.9  65566.1    65559
read      490.5   941.5    68.9   114.4   133.3   326.6   430.5   502.5   566.9   655.5   848.2  1371.6  3123.2  9617.7 31719.2  41064.2    41133
read      511.1  1124.9    68.9   115.4   135.0   329.4   432.2   505.1   562.8   641.0   808.4  1219.1  3480.1 14392.1 32444.1  28694.4    28693
read      553.4   969.2    68.9   120.8   141.9   325.5   432.2   509.7   583.1   711.7  1144.6  1895.1  3544.3  8757.8 31738.1  53147.6    53141
read      534.6   920.9    68.9   118.6   139.8   319.8   425.2   506.1   585.0   737.1  1203.3  1741.3  2998.9  8325.3 31496.9  54555.3    54512
read      419.8   982.0    74.4   116.6   135.3   301.9   383.7   434.6   475.7   533.0   623.0   803.7  2802.1 12543.3 35571.9  14779.4    14835
read      471.2   691.7    74.4   147.6   186.8   399.5   480.7   531.8   574.2   634.2   729.0   885.2  1664.1  8905.2 30661.2  98464.8    98446
read      512.0   775.2    68.9   118.1   138.7   331.2   442.0   544.0   655.2   928.4  1205.8  1465.8  2454.8  7434.4 31247.4  38259.4    38117
read      723.0  1503.1    68.9   167.4   220.5   411.5   508.8   594.8   679.2   792.3  1124.4  1994.1  7494.8 19421.1 36095.3  78098.8    77994
read      490.3  1106.2    68.9   113.5   131.6   315.0   425.6   507.3   580.1   698.4   919.0  1219.0  2653.7 18318.8 32436.5  30202.9    30209
read      652.2  1368.8    68.9   136.8   168.2   362.1   462.6   550.0   635.0   784.8  1368.9  2082.7  5929.2 19237.8 35563.0  68362.9    68315
read      479.9   879.1    68.9   138.6   173.8   382.3   461.3   512.9   557.6   620.8   715.5   875.7  2250.1 11903.7 31739.8  91912.8    91940
read      541.3   960.1    68.9   120.3   142.2   334.1   441.8   522.4   597.8   734.0  1158.7  1762.1  3094.2 10271.3 31675.9  49339.3    49308
read      562.7   962.8    68.9   121.7   143.3   342.0   464.3   564.5   666.1   888.5  1324.9  1749.6  2984.7  8756.9 32035.6  46833.9    46880
read      451.9   617.7    68.9   137.4   171.2   382.1   466.5   518.8   562.3   621.8   710.9   870.7  1805.0  6889.2 30097.1  92497.9    92540
read      525.5   951.8    68.9   117.7   138.4   325.2   436.0   523.3   609.9   776.9  1189.1  1641.6  2530.9 10953.6 31516.5  49423.0    49396
read      477.4   681.7    68.9   143.5   184.6   401.3   480.3   531.4   576.5   643.0   751.0   924.2  1837.2  8457.2 30647.8  97876.2    97841
read      537.2  1056.6    68.9   116.8   137.2   328.7   451.1   559.6   682.9   940.5  1165.5  1431.4  2789.7 14676.3 32096.0  35376.3    35404
read      700.5  1496.8    68.9   171.5   224.5   409.7   504.0   586.3   660.5   761.4   955.1  1811.0  7039.4 23603.4 36718.8  80425.0    80451
read      468.0   910.2    63.8   131.1   162.1   369.9   452.6   504.9   549.5   612.8   701.3   862.9  1912.6 12480.3 31878.1  87153.7    87228
read      553.3  1231.4    68.9   129.1   161.0   378.1   460.5   520.9   574.7   650.8   773.1  1171.6  4873.3 14481.1 34857.5  75581.5    75554
read      522.9  1117.1    68.9   121.3   146.0   351.3   444.9   508.8   563.6   641.3   783.5  1439.5  3939.4 15101.3 33829.5  57977.1    57964
read      452.0   776.5    68.9   127.8   155.9   363.3   447.3   500.9   545.7   612.2   701.0   870.3  1867.1  9252.3 31547.8  83528.5    83546
read      544.0  1258.7    63.8   121.2   145.6   354.3   450.6   517.6   578.9   661.1   831.3  1443.5  4355.9 18202.7 36886.2  55715.1    55468
read      542.6   959.1    63.8   116.7   137.5   342.9   483.4   606.3   720.8   947.0  1204.8  1435.9  2596.7 10634.6 31489.8  34180.7    34203
read      536.3   821.1    68.9   115.7   136.4   339.2   499.7   616.9   786.0  1024.5  1241.1  1448.4  2057.4  7982.1 31045.2  37644.6    37629
read      539.5   799.3    68.9   116.2   137.2   349.7   505.5   629.9   795.1  1032.5  1221.2  1425.5  2032.4  7543.4 31591.2  34618.5    34577
read      549.3   783.8    68.9   117.6   138.8   333.9   464.4   594.1   768.9  1071.3  1324.5  1593.7  2544.7  6798.3 29895.8  47324.4    47426
read      620.1  1132.2    63.8   124.5   149.6   354.1   470.8   588.6   727.0  1087.2  1431.3  1774.8  4940.3 11782.6 35139.1  58815.4    58845
read      669.8   916.6    68.9   142.5   178.6   389.0   544.3   718.9  1010.4  1400.2  1595.2  1862.8  3065.4  8701.5 31359.1  67049.5    66993
read      455.3  1296.0    74.4   132.1   158.3   339.8   404.3   452.6   489.8   537.5   610.2   717.0  2563.1 28765.9 32343.6  10949.6    10977
read      517.5  1092.4    68.9   118.7   141.4   349.7   451.0   519.4   580.5   664.4   868.4  1394.4  3410.8 13661.2 35193.5  51472.8    51529
read      525.2  1137.8    68.9   118.9   141.3   349.2   452.1   519.2   576.4   662.2   853.6  1345.9  3993.6 16231.9 32404.2  48376.2    48344
read      400.9  1400.9    74.4   150.8   177.0   297.5   341.5   369.3   390.7   416.3   451.7   512.9  2068.2 29237.1 37288.6   5921.9     5902
read      559.2  1225.6    68.9   127.4   157.8   376.8   465.3   529.5   586.8   675.2   796.0  1299.1  5077.1 14608.9 35160.1  71528.7    71602
read      540.1  1122.1    68.9   118.9   140.2   350.6   463.4   549.5   649.8   783.8  1060.6  1459.1  2828.6 16520.0 34811.0  41875.7    41886
read      530.6  1005.0    68.9   121.3   143.7   352.5   464.1   560.8   643.2   770.3  1050.3  1486.0  2401.5 14757.4 32135.1  47474.6    47456
read      431.3   612.7    68.9   133.2   163.1   360.8   439.8   493.6   538.4   596.3   683.2   826.1  1656.9  8318.9 29163.2  94013.3    93939
read      397.9   959.9    68.9   112.7   129.9   324.1   402.8   456.2   494.2   537.4   595.3   709.0  1260.3 16965.3 35138.3  16952.4    16890
read      502.8   829.1    68.9   118.3   139.4   341.5   462.2   546.8   622.9   741.3  1002.2  1446.7  2291.4  8693.5 31223.8  45687.0    45689
read      505.6   964.0    68.9   114.0   133.0   337.0   474.7   569.0   649.3   786.0  1024.9  1283.0  2651.7 12739.3 32235.5  32790.3    32790
read      496.9   726.0    68.9   114.5   133.2   326.7   449.5   546.4   637.9   810.5  1153.1  1468.8  2101.6  7161.2 29997.4  43950.5    44044
read      485.9   798.4    68.9   113.4   131.5   343.3   475.6   562.1   634.8   755.7   965.6  1203.0  2613.2  7423.8 31101.9  28205.3    28149
read      560.6  1034.0    68.9   120.4   140.0   345.1   485.6   601.2   720.2   944.6  1244.3  1559.7  3116.0 11107.4 32380.7  39719.0    39739
read      692.6  1403.8    68.9   145.2   183.3   396.1   502.2   593.6   674.6   796.5  1221.9  1923.6  5936.9 17182.5 32513.1  72513.4    72475
read      479.8   738.0    68.9   146.9   184.8   397.9   481.0   534.5   579.2   641.2   736.0   883.0  1960.5  9472.4 30829.9  93966.0    93882
read      469.1  1703.7    74.4   137.0   165.2   298.8   346.9   378.1   402.5   434.8   483.2   590.1  4133.3 29880.0 41594.2   6669.4     6692
read      603.2  1276.0    68.9   121.3   143.2   338.3   447.8   534.6   617.4   763.7  1215.3  1746.3  4736.7 19376.9 32481.1  50295.1    50406
read      730.0  1598.9    68.9   197.1   259.1   427.0   528.6   611.3   678.7   769.2   928.9  1749.8  8179.3 26189.7 37418.8  83125.3    83055
read      630.6  1318.7    68.9   123.4   147.9   346.3   448.0   527.8   603.3   729.2  1150.4  1941.3  5199.3 15331.9 35768.1  55547.9    55609
read      426.8   965.8    68.9   115.3   134.3   324.1   421.5   479.6   529.0   596.1   696.3   842.9  1832.1 15593.0 31632.0  16961.9    16968
read      529.8  1099.9    68.9   115.4   134.8   326.5   434.8   511.8   578.8   683.4   911.0  1430.7  4397.3 11032.3 35335.1  43099.7    43031
read      436.7  1027.5    68.9   113.8   131.5   321.5   420.4   482.8   532.7   599.3   705.6   865.8  2728.6 16663.0 35834.3  17236.1    17236
read      754.9  1877.1    68.9   188.1   247.4   414.4   502.5   571.5   637.4   718.1   825.8  1463.5  8710.3 30488.3 37111.0  81986.2    82183
read      509.6  1009.4    68.9   117.5   136.0   321.2   429.6   503.4   571.1   661.8   869.2  1396.5  4243.9  9761.2 32168.5  42222.1    42212
read      407.9  1015.7    74.4   118.8   138.6   313.4   397.6   450.2   493.7   547.4   614.4   723.3  1786.6 18096.1 32010.2  12254.1    12244
read      663.1  1290.0    68.9   131.4   160.0   357.3   463.1   557.7   654.5   880.5  1508.1  2063.9  4757.3 14556.1 34100.8  61699.4    61777
read      504.1  1030.1    68.9   115.7   134.6   323.4   429.3   501.8   562.9   651.8   838.4  1301.2  4129.2 12287.7 32150.9  36946.6    36984
read      441.5   887.8    68.9   112.1   128.7   311.0   416.6   482.5   534.1   601.7   720.5  1003.0  3778.3 10471.2 31520.5  29080.7    29093
read      540.8  1136.0    68.9   117.4   137.4   328.3   433.4   505.2   570.1   665.7   893.2  1486.6  4205.1 12770.5 32363.2  41751.9    41715
read      502.0  1069.1    68.9   114.7   133.8   325.7   432.0   504.5   565.2   646.8   818.9  1235.1  3982.0 12411.3 32362.1  34785.8    34838
read      675.5  1434.0    68.9   134.2   163.0   357.8   456.9   536.4   611.6   735.8  1194.9  2374.4  5850.6 17307.7 35351.3  63475.4    63574
read      406.0   872.1    68.9   112.0   127.8   311.9   412.7   472.0   519.4   575.0   656.0   824.0  1744.4 10432.0 32009.4  24410.6    24401
read      460.1   933.2    68.9   113.4   130.7   315.6   419.8   491.5   546.8   624.1   771.7  1107.3  3683.0  9257.1 32281.2  31951.9    32025
read      439.3   617.6    68.9   138.5   174.4   376.8   453.9   502.8   544.1   601.2   685.4   824.8  1536.8  6265.6 30019.6  98977.3    98971
read      406.9   921.6    68.9   112.1   127.6   308.6   410.2   469.4   514.6   573.4   665.1   853.2  1459.7 12074.4 31877.1  23698.7    23657
read      721.6  1448.8    68.9   146.7   183.6   380.7   499.6   603.3   702.2   953.9  1549.2  2160.2  5535.0 19674.5 36762.5  67896.1    67877
read      479.5   887.6    68.9   119.2   141.7   341.3   435.0   497.4   550.5   626.9   769.6  1378.8  2434.7  9979.7 31828.9  53822.2    53849
read      442.6   646.9    68.9   124.4   150.4   351.3   434.5   488.3   533.0   592.1   682.8   884.6  2615.1  6262.2 29743.9  79480.5    79536
read      402.1   912.6    68.9   117.3   136.1   341.9   425.4   470.5   504.3   543.5   605.6   775.6  1156.3 10341.9 32081.5  17145.8    17081
read      412.4   614.5    68.9   116.0   136.4   335.6   419.0   474.0   519.7   578.5   667.0   937.2  1680.1  5439.2 30360.3  38963.7    39024
read      410.0   745.0    68.9   117.4   136.5   332.5   423.6   482.8   527.2   581.2   663.4   900.8  1399.1  7973.7 30961.7  26050.9    26125
read      434.2   722.1    68.9   118.0   139.9   356.0   440.5   499.4   546.6   606.9   691.7  1008.8  1626.5  6409.9 30929.4  33492.7    33388
read      394.3   725.7    68.9   119.1   139.5   342.7   431.3   480.1   516.6   559.6   618.5   748.8  1161.9  5416.0 31862.6  20943.6    20979
read      387.8   473.6    63.8   127.3   153.3   337.8   421.1   471.3   512.6   566.9   641.7   766.7  1110.8  3696.9 28735.6  95930.2    95865
read      390.8   394.8    63.8   123.8   148.9   340.3   433.6   491.8   537.5   594.9   675.4   798.7  1134.7  2923.6 23048.1  73969.2    73949
read      384.1   414.8    63.8   119.2   142.6   342.1   434.9   490.5   532.7   585.0   653.9   762.4  1086.6  2238.3 27931.4  60986.8    60987
read      380.8   469.7    63.8   116.6   139.1   342.4   433.1   487.2   529.3   580.1   643.2   737.4  1021.0  2162.0 28976.1  54143.1    54175
read      382.3   451.3    63.8   117.4   139.9   346.0   436.6   489.6   529.8   578.8   639.2   741.6  1047.6  2056.0 28669.9  51573.8    51484
read      380.0   476.4    63.8   116.7   139.6   347.4   432.4   482.7   521.8   569.7   628.2   718.5  1006.1  2112.1 28903.5  39699.2    39771
read      376.4   503.4    68.9   116.0   138.6   342.6   427.2   476.4   515.1   560.9   615.1   698.1  1008.1  2171.8 29088.8  32842.7    32864
read      393.8   580.1    63.8   118.4   141.6   354.2   445.8   499.5   541.0   589.0   647.8   745.8  1068.4  2395.7 29652.1  41995.2    42033
read      377.9   415.8    63.8   116.5   138.9   347.6   435.2   486.9   526.0   571.9   627.7   718.4  1009.6  1990.5 27893.4  43881.1    43808
read      378.4   480.9    63.8   115.8   138.1   345.6   433.9   485.2   523.1   567.9   623.4   715.6   997.8  2266.0 29121.2  45831.1    45785
read      391.2   539.2    63.8   118.0   141.4   357.2   451.0   503.2   542.0   586.8   642.2   732.3  1017.2  2366.1 29795.9  35580.8    35582
read      380.4   505.9    63.8   114.6   136.0   349.8   440.5   491.3   528.5   571.5   625.5   712.3   978.8  2411.4 28783.6  38487.4    38504
read      374.1   678.7    68.9   132.6   155.6   358.6   429.0   463.4   487.6   514.4   548.7   606.5   776.4  4267.8 29944.7  15352.2    15320
read      364.0   461.7    63.8   116.0   137.6   322.8   410.6   461.7   499.9   546.8   612.7   720.6   974.5  2406.6 28949.6  74229.3    74264
read      374.5   446.2    63.8   114.3   135.9   347.1   434.0   482.4   518.5   562.8   621.6   720.2   944.8  1805.5 28686.2  43822.7    43890
read      388.3  1484.1    80.4   148.6   171.6   306.9   341.0   360.2   373.1   390.1   410.2   449.0   613.7 29325.6 37235.5   5997.5     5962
read      406.9   502.7    63.8   120.6   145.1   379.0   465.6   517.1   555.6   600.8   664.2   769.1  1037.1  2332.8 29251.9  38412.0    38365
read      380.6   485.5    63.8   115.3   137.2   343.6   433.7   485.8   525.5   574.5   637.9   744.2  1011.3  2115.8 28984.9  55916.0    55971
read      393.2   765.3    63.8   120.9   145.1   358.1   437.8   482.5   515.3   553.2   605.3   691.3   938.1  4604.1 30930.6  23229.9    23217
read      360.0   421.1    63.8   121.5   143.8   318.8   401.7   451.5   490.1   539.3   609.0   719.0   955.8  2004.9 28450.2  87689.0    87681
read      359.4   402.1    63.8   121.6   144.4   318.6   400.8   450.4   489.0   537.9   605.9   714.1   954.1  2563.4 27993.0  91686.6    91728
read      352.5   436.0    68.9   122.2   144.6   312.7   392.8   440.4   477.5   525.4   589.8   690.9   911.7  2200.4 28697.9  96774.0    96668
read      378.2   475.7    68.9   122.8   146.2   330.5   421.0   473.3   515.7   570.8   644.8   764.4  1046.2  2780.4 29022.6  80604.2    80475
read      414.2   537.2    68.9   123.3   148.7   378.9   472.3   530.6   574.4   624.2   683.8   781.3  1071.7  3812.6 29317.7  27080.1    27150
read      396.0   482.4    63.8   119.0   141.5   352.1   448.1   505.4   551.9   611.1   683.2   794.3  1095.0  2007.2 29199.8  53514.5    53444
read      407.6   746.9    68.9   119.2   143.4   370.4   460.4   513.1   553.9   599.8   650.9   739.1  1015.4  3727.9 30545.2  23786.3    23737
read      389.4   411.7    68.9   126.7   151.7   337.6   428.9   485.3   530.7   587.6   667.2   799.1  1153.9  2808.1 28086.2  87757.3    87776
read      373.2   382.6    63.8   122.9   145.9   329.7   417.8   470.1   512.1   566.4   637.4   750.8  1039.2  2209.6 23766.9  82236.2    82175
read      367.4   311.5    63.8   126.2   151.0   325.9   409.5   461.4   502.6   554.2   624.5   737.7   996.5  1868.3  9782.6  98432.2    98548
read      415.0   614.3    63.8   118.8   142.5   366.5   468.7   531.8   577.6   630.0   693.9   805.1  1191.2  2722.3 29599.3  37732.7    37704
read      403.0   444.2    63.8   121.9   145.6   348.0   450.2   512.3   561.2   620.4   698.5   833.6  1230.8  2718.0 25106.8  64839.6    64701
read      391.6   418.7    63.8   121.3   144.1   340.0   439.6   500.5   546.1   603.5   677.4   798.2  1156.0  2648.7 25498.0  69006.4    69089
read      380.0   409.1    68.9   124.6   149.0   330.3   420.1   475.8   520.4   576.4   650.0   772.6  1074.0  2692.4 24904.7  89647.5    89785
read      418.5   778.4    68.9   128.5   154.8   399.7   479.8   519.0   547.3   581.5   624.2   693.6   932.9  5079.1 31576.2  16689.4    16676

Total QPS = 50229.8 (90413688 / 1800.0s)

Total connections = 64
Misses = 0 (0.0%)
Skipped TXs = 0 (0.0%)

RX 22332180936 bytes :   11.8 MB/s
TX          0 bytes :    0.0 MB/s
Warning! Detected max cpu usage > 95%
CPU Usage Stats (avg/min/max): 99.95%,49.50%,100.00%