ubuntu@client-measure-s921:~/memcache-perf-dynamic$ ./mcperf -s 10.156.0.3 -a 10.156.0.2 --noload -T 16 -C 4 -D 4 -Q 1000 -c 4 -t 1800 --qps_interval 10 --qps_min 5000 --qps_max 100000
Random waveform, random seed
Total number of intervals = 180 (33563, 8802, 74514, 69529, 78328, 39904, 92882, 17893, 94843, 88470, 61392, 30903, 49502, 78936, 94747, 6283, 7344, 83874, 56990, 48867, 50630, 32338, 40447, 93307, 25674, 55727, 7244, 12375, 73850, 17481, 13816, 71436, 19817, 42177, 98676, 14510, 48160, 42787, 97236, 31788, 5154, 43497, 58100, 89333, 19416, 48931, 87912, 88077, 99391, 63721, 28604, 82585, 40919, 49285, 52499, 8921, 75435, 60392, 40070, 22129, 29196, 61758, 8969, 27745, 82204, 98530, 24750, 9147, 66009, 98096, 47506, 76892, 32557, 9766, 24889, 62318, 8267, 15119, 32641, 9097, 89271, 24745, 21608, 27582, 96801, 35432, 68405, 97525, 51190, 43053, 87788, 97338, 42089, 35519, 13280, 93669, 30779, 58892, 93460, 39917, 23876, 34459, 62328, 79775, 36967, 35860, 47459, 47372, 7168, 60235, 61690, 99993, 16486, 8813, 68971, 6959, 66927, 37043, 69768, 94229, 32698, 14982, 92233, 20951, 88825, 34015, 96997, 9083, 40643, 69687, 68566, 34684, 47990, 28305, 89174, 10556, 7082, 48166, 44299, 39675, 41711, 56364, 79981, 78634, 58309, 87196, 25110, 63786, 75790, 38740, 91055, 92008, 48478, 65934, 69897, 78223, 70860, 30164, 77911, 60847, 88832, 51963, 17998, 58077, 84235, 44660, 23715, 95652, 19191, 54488, 95559, 64480, 62177, 10891, 36552, 83748, 24208, 22660, 27431, 25274)
Average QPS expected = 51183
Timestamp start: 1622063513238
Timestamp end: 1622065313774

#type       avg     std     min      p5     p10     p50     p67     p75     p80     p85     p90     p95     p99    p999   p9999      QPS   target
read      375.5   648.6    63.8   107.5   123.3   286.1   393.9   451.4   491.0   537.1   604.8   807.2  1601.5  6356.0 31312.7  33577.7    33563
read      374.7   709.4    80.4   128.9   156.2   286.7   364.1   417.0   444.7   473.6   520.2   607.0  2993.0  7900.0 31275.3   8776.0     8802
read      453.2   857.9    68.9   118.0   140.6   325.7   412.4   466.9   513.9   575.7   666.2   958.7  3098.7 10826.1 32073.8  74592.7    74514
read      571.3  1144.8    68.9   119.5   143.5   315.8   405.1   479.0   551.3   676.7  1281.9  1924.4  3752.4 11804.5 32441.7  69527.2    69529
read      712.3  1714.7    68.9   150.9   191.7   358.7   446.6   528.7   598.3   682.7   928.3  2526.0  7424.2 30078.1 37804.6  78417.4    78328
read      446.8   987.0    68.9   106.5   121.7   292.0   383.9   448.3   503.0   581.4   773.9  1174.0  3336.7 11303.3 36143.7  39792.2    39904
read      424.3   721.7    63.8   122.1   149.0   337.5   411.3   458.7   499.8   558.7   640.3   781.4  2238.3  9202.4 31008.0  92899.8    92882
read     1326.9  3125.4    68.9   135.6   172.4   515.0   860.6  1225.0  1595.4  2013.7  2774.0  4070.7 14108.3 37241.6 51012.8  17880.2    17893
read      850.2  1347.1    93.8   346.0   366.4   471.3   761.9   870.5  1028.3  1447.7  1719.5  2032.4  4386.3 25515.2 36514.7  94998.5    94843
read      586.9  1078.7    68.9   248.7   293.9   425.5   479.0   545.0   633.6   728.2   817.3   920.0  4631.7 12440.0 35032.8  88466.7    88470
read      548.6  1195.7    68.9   115.7   136.0   310.1   400.6   472.6   536.9   637.0  1019.1  1811.0  3848.6 13388.3 35643.9  61419.7    61392
read      390.4   882.3    68.9   105.8   120.8   275.6   369.8   447.3   496.7   546.4   632.3   866.3  2126.4  9116.9 36604.1  30909.9    30903
read      487.1  1148.9    68.9   107.5   124.0   287.6   377.7   445.3   499.8   575.6   790.3  1416.5  3628.3 12610.9 35517.3  49597.8    49502
read      690.4  1631.8    68.9   144.7   183.9   361.0   448.6   526.8   602.7   701.3  1079.3  2026.6  7014.2 30157.7 37109.9  78818.7    78936
read      518.0  1214.1    63.8   133.9   171.2   369.6   439.0   488.9   537.1   609.7   708.2   868.9  4163.8 16904.4 32465.9  94664.9    94747
read      385.1  1189.6    74.4   133.0   164.8   262.3   314.5   347.8   372.1   402.2   464.0   539.0  2821.0 20311.6 36333.8   6272.8     6283
read      387.2  1020.1    74.4   135.3   164.5   275.9   338.0   376.0   403.4   456.7   511.6   586.6  2728.9 15223.0 36701.2   7395.1     7344
read      672.0  1743.9    63.8   152.0   198.1   368.9   447.6   510.3   574.7   648.9   766.0  1570.0  8361.1 30515.6 37258.6  83896.2    83874
read      554.8  1384.2    68.9   111.2   130.1   297.3   386.7   458.9   526.3   621.2  1002.1  1739.1  4001.4 28756.0 37076.3  57131.5    56990
read      503.6  1233.7    68.9   108.6   125.0   294.9   387.0   453.1   513.1   602.6   900.9  1485.5  3673.5 17895.9 37950.2  48861.7    48867
read      498.0  1072.6    63.8   109.7   126.5   293.6   388.0   462.2   528.9   616.7   944.8  1555.6  3640.3  9262.5 32471.9  50673.8    50630
read      449.3  1179.2    63.8   105.6   120.6   285.0   371.2   432.8   483.7   548.7   687.0  1047.2  3499.5 19106.7 37262.6  32308.7    32338
read      501.7  1289.1    68.9   108.0   124.4   294.1   386.1   456.1   517.4   593.1   814.5  1310.4  3715.4 28241.9 37583.1  40398.4    40447
read      505.3  1099.9    63.8   132.0   166.1   361.0   433.6   488.6   539.1   610.3   709.6   916.7  3621.5 12781.3 32508.3  93192.4    93307
read      380.3   675.7    68.9   105.8   120.0   281.0   370.1   432.7   482.0   546.4   656.8   869.2  2171.1  5976.0 31829.7  25630.7    25674
read      582.4  1499.6    68.9   112.5   131.8   310.3   401.0   466.1   526.5   618.0   918.4  1849.7  4702.3 30451.1 36335.8  55728.0    55727
read      329.2   755.6    74.4   123.2   151.2   258.3   310.4   345.2   371.9   404.8   454.2   531.1  1553.5  9091.3 31732.5   7286.4     7244
read      390.8   940.1    68.9   117.0   138.7   285.0   356.9   401.7   443.7   507.4   567.4   682.1  2713.6 11875.8 32205.2  12370.2    12375
read      643.7  1558.3    68.9   129.9   159.8   339.2   426.6   503.9   579.8   691.2  1244.6  1928.6  5608.1 30316.8 37157.3  73816.5    73850
read      400.9   843.1    68.9   106.4   121.9   282.1   368.1   427.4   479.2   555.2   658.9   825.0  3246.1  8683.5 32085.6  17372.6    17481
read      368.1   889.6    68.9   107.7   124.6   276.0   349.2   397.9   440.2   499.0   576.8   693.1  1615.9 14620.8 33865.0  13877.7    13816
read      652.5  1628.3    68.9   127.8   156.9   341.6   427.5   500.0   571.1   679.4  1115.4  2012.9  5976.1 30481.7 38834.3  71419.2    71436
read      366.6   758.5    68.9   107.5   122.7   280.4   360.5   409.5   455.8   512.6   585.6   730.9  1647.6  7562.8 32364.5  19790.1    19817
read      484.1  1271.6    63.8   105.7   121.4   290.3   378.5   441.4   498.2   577.7   794.8  1273.1  3680.7 24062.6 37385.0  42220.2    42177
read      517.1  1093.1    68.9   143.4   184.4   381.5   450.9   502.4   556.0   638.0   741.6   916.4  3357.0 12738.6 32831.0  98585.2    98676
read      368.9   858.6    68.9   112.4   130.8   279.4   351.1   395.6   436.5   499.4   559.1   665.3  1704.4 11915.1 32273.9  14468.7    14510
read      507.8  1326.8    63.8   108.3   124.8   289.4   381.1   448.0   509.2   586.0   798.5  1375.6  3751.3 27394.2 37114.0  48311.8    48160
read      484.6  1130.6    68.9   108.4   124.6   290.4   387.4   464.6   528.5   612.4   855.5  1332.8  3688.0 10764.3 35995.4  42792.3    42787
read      504.6   983.1    68.9   134.8   171.5   373.0   447.8   501.3   554.7   637.5   752.1  1020.9  2673.6 12657.3 32303.8  97150.8    97236
read      393.8   892.0    68.9   106.4   121.4   275.1   366.3   428.5   486.7   538.5   617.2   847.6  3102.6 11241.4 32327.5  31939.5    31788
read      325.9   711.2    80.4   148.0   173.4   257.3   302.0   328.7   348.4   373.3   408.1   496.5  1997.8  7469.0 31616.5   5144.6     5154
read      522.3  1334.6    63.8   108.9   125.7   293.4   386.0   470.8   533.7   629.1   964.9  1433.3  3748.8 28687.8 36035.0  43535.0    43497
read      595.4  1559.6    68.9   111.9   131.8   304.8   392.0   459.9   526.1   634.7  1103.2  1808.8  5243.9 30342.8 38082.7  58021.4    58100
read      725.4  2029.7    68.9   184.7   237.5   387.8   456.8   522.3   594.1   669.1   762.9   987.4  8733.3 31584.5 37901.8  89288.6    89333
read      400.4   821.1    68.9   109.8   126.6   292.7   387.4   467.2   517.2   579.1   673.5   831.5  1978.9 11183.0 35216.7  19355.4    19416
read      480.4  1188.0    68.9   109.1   125.2   286.1   377.7   450.1   508.0   578.9   744.2  1357.8  3708.1 13184.8 37013.9  49021.9    48931
read      675.1  1850.2    68.9   159.5   215.7   386.2   458.4   519.4   587.9   666.0   777.0  1200.2  8506.5 31107.1 37848.6  87986.4    87912
read      610.4  1533.3    68.9   147.9   191.3   378.0   456.1   516.9   580.9   663.8   785.1  1468.4  6384.3 30169.2 37344.1  87977.9    88077
read      429.3   782.1    68.9   128.1   157.5   344.9   416.1   460.4   499.3   556.7   642.8   784.8  2112.0  9344.0 31856.1  99352.2    99391
read      653.6  1665.2    68.9   122.2   146.9   331.4   423.0   498.6   570.6   681.5  1193.7  1995.2  5686.1 30655.2 37351.5  63716.9    63721
read      392.5   713.3    68.9   108.8   124.2   285.8   386.2   461.2   501.0   544.8   619.3   815.1  2819.0  7532.4 31466.1  28642.4    28604
read      643.1  1520.1    68.9   144.7   185.4   363.2   446.4   523.8   597.3   681.6   848.6  1758.6  6520.9 28747.0 37118.2  82717.4    82585
read      467.2  1099.6    68.9   108.8   124.3   287.4   390.5   469.1   520.5   587.9   761.2  1222.9  3679.0 12380.3 36438.8  40914.5    40919
read      512.1  1212.5    68.9   109.3   126.6   297.7   387.4   450.9   507.4   594.5   899.2  1530.9  3747.3 16697.3 36033.2  49310.9    49285
read      533.6  1259.3    68.9   108.9   126.2   298.5   388.9   456.2   522.1   635.1  1037.6  1617.3  4186.1 12890.2 37137.9  52455.1    52499
read      338.4   671.1    74.4   119.6   144.1   262.7   322.8   365.8   399.0   435.6   486.3   576.4  1976.0  7820.5 31269.2   8855.8     8921
read      646.0  1495.4    68.9   131.2   163.5   350.0   434.4   510.6   591.4   711.0  1218.0  1900.0  5368.4 30115.9 36522.9  75277.3    75435
read      545.4  1253.7    68.9   112.0   131.5   303.3   390.7   455.5   519.5   625.9  1064.5  1743.1  3975.3 15871.4 36293.5  60552.2    60392
read      506.2  1303.4    63.8   107.8   124.1   299.8   389.8   454.2   511.5   597.3   847.7  1326.3  3734.7 28225.7 36752.1  40126.5    40070
read      377.2   779.6    68.9   104.3   118.4   275.8   368.4   421.1   461.8   519.4   628.9   814.8  2016.8  9024.7 31973.6  22199.9    22129
read      365.4   645.2    68.9   105.3   119.8   274.5   385.7   443.8   478.5   520.7   588.6   762.5  1491.4  7892.1 30495.7  29101.4    29196
read      645.2  1598.2    68.9   118.9   142.6   325.2   422.8   498.8   574.3   706.7  1332.0  2008.5  5460.3 30664.2 37623.7  61795.5    61758
read      351.8   866.4    74.4   120.3   145.0   259.5   321.0   367.7   395.1   426.9   471.0   563.1  2385.3  9960.6 32433.7   8977.4     8969
read      360.6   668.7    68.9   105.3   120.3   271.2   385.6   438.8   470.6   511.0   579.8   738.4  1475.6  7142.5 31746.3  27686.6    27745
read      671.9  1545.5    68.9   146.3   188.3   365.6   451.2   534.6   613.5   716.0  1153.2  1861.0  6558.3 30052.0 37564.9  82213.5    82204
read      526.7  1152.2    68.9   144.6   185.6   367.0   435.4   491.4   549.4   628.5   726.8   943.0  4126.9 15088.8 35356.6  98424.0    98530
read      375.9   621.4    68.9   109.8   125.6   282.2   396.1   441.5   480.0   538.8   629.5   823.4  1587.6  7133.6 31261.2  24824.8    24750
read      362.6   757.7    74.4   123.2   147.9   274.9   349.9   388.2   416.9   455.3   513.4   622.2  2262.1  9440.3 32075.3   9168.1     9147
read      592.3  1406.6    68.9   118.8   141.6   317.0   403.9   473.2   542.6   653.1  1123.5  1857.9  5079.9 23743.7 36859.9  66048.9    66009
read      516.7  1164.1    63.8   140.2   178.1   360.1   428.2   481.5   536.6   607.8   696.5   858.5  4458.2 14611.8 34915.4  98214.9    98096
read      502.8  1147.2    63.8   109.1   125.7   298.8   391.9   457.0   520.7   622.2   966.6  1447.0  3730.6 13589.1 36124.5  47592.3    47506
read      684.5  1662.0    68.9   138.9   175.9   357.1   441.2   515.1   588.2   687.5   971.3  2074.9  7646.5 30576.2 37168.7  77056.4    76892
read      378.8   765.1    63.8   103.9   117.7   275.0   377.6   423.8   462.6   519.7   612.2   878.9  2381.0  6016.5 35635.7  32554.9    32557
read      368.7   784.7    68.9   117.8   142.2   301.3   364.9   398.7   426.0   463.3   518.8   619.5  1999.8  8553.5 32110.8   9745.5     9766
read      368.4   606.1    68.9   105.0   119.5   297.4   381.5   425.0   463.0   517.0   606.3   805.7  1597.9  5368.9 29821.9  24970.8    24889
read      552.3  1251.9    68.9   114.5   134.7   308.8   396.0   464.1   530.3   641.7  1091.4  1736.7  4152.9 15511.5 36373.8  62244.1    62318
read      445.5  1169.7    74.4   127.7   155.7   319.3   368.8   398.1   423.4   458.8   515.9   683.3  3596.2 20389.5 33035.5   8214.0     8267
read      395.4   775.8    74.4   110.0   127.8   322.7   389.3   438.1   482.0   542.1   629.7   776.9  1828.9  9468.7 32217.4  15056.4    15119
read      413.1   916.4    68.9   104.7   118.6   286.1   370.2   428.0   478.2   548.4   691.6   993.5  3353.4 11111.9 32894.6  32573.0    32641
read      411.5   980.6    68.9   124.9   148.9   304.9   370.7   419.6   458.7   507.5   577.4   697.5  2843.6 11693.1 36151.4   9081.4     9097
read      583.2  1434.4    63.8   144.1   187.4   377.8   449.4   505.3   565.5   643.8   741.3   934.8  6701.6 21429.9 35876.8  89232.7    89271
read      395.8   805.8    68.9   106.0   120.1   286.9   371.4   430.5   478.4   544.9   672.0   895.1  2957.1  7179.6 32413.9  24694.1    24745
read      390.8   718.5    68.9   105.7   119.8   289.7   379.5   440.9   492.8   567.2   687.8   869.4  2051.1  7352.6 31763.5  21525.1    21608
read      390.9   698.1    68.9   105.7   119.9   288.0   377.2   440.1   490.5   557.2   681.6   919.9  2188.0  6352.5 31471.3  27548.9    27582
read      459.0   907.1    68.9   129.6   160.5   348.7   418.7   466.2   511.8   579.2   665.3   803.6  3018.3 11377.3 32036.5  97104.6    96801
read      514.3  1303.9    68.9   110.1   127.2   309.4   398.3   460.0   510.5   580.0   725.4  1260.2  3757.3 27762.2 35728.2  35430.0    35432
read      512.9  1259.3    63.8   118.4   143.3   333.2   412.5   465.1   512.1   578.5   678.7  1157.3  4049.7 16511.8 36490.0  68423.4    68405
read      488.7  1074.8    68.9   132.0   167.3   362.8   427.8   474.4   523.0   594.8   690.1   823.6  3605.8 12827.3 32368.3  97574.7    97525
read      572.8  1329.3    68.9   114.6   137.1   330.5   414.1   474.1   532.8   616.6   901.7  1688.2  5008.1 17941.2 36024.8  51290.5    51190
read      621.3  1617.7    63.8   113.0   133.4   322.1   414.3   481.4   544.4   645.5   992.6  1840.4  5787.1 30563.3 37250.9  43024.4    43053
read      513.7  1166.4    63.8   129.8   161.5   353.3   427.3   482.2   535.7   607.1   703.2   900.5  4552.6 14692.7 33776.8  87704.6    87788
read      485.0   905.0    68.9   135.3   171.2   368.1   439.4   490.0   538.4   609.7   707.1   867.7  3233.7 11758.8 31817.3  97108.0    97338
read      544.3  1349.6    63.8   110.8   129.5   314.4   400.5   459.9   513.0   587.5   782.3  1524.1  4458.1 28342.7 36127.7  42031.3    42089
read      515.1  1327.4    63.8   107.6   124.3   298.7   397.4   464.0   515.5   585.8   753.7  1262.8  3916.5 28634.6 36366.5  35516.4    35519
read      376.2   572.2    74.4   110.8   129.9   327.8   408.8   456.2   490.6   532.7   588.7   691.9  1184.3  5688.9 30865.4  13262.6    13280
read      489.5  1022.1    63.8   129.6   163.6   356.8   430.8   481.7   529.5   596.1   687.6   861.2  3552.3 12581.1 32353.2  93558.8    93669
read      405.6   868.3    63.8   105.9   120.3   280.6   370.6   432.3   482.4   544.3   649.8   927.6  3343.9  7513.0 32115.2  30809.0    30779
read      565.8  1438.0    63.8   118.1   142.8   337.6   419.6   475.6   527.3   596.7   723.5  1539.3  5529.3 25534.0 36582.3  58908.3    58892
read      514.3  1234.4    68.9   133.0   168.5   360.8   431.2   482.8   532.2   599.1   685.8   821.1  4722.2 15151.3 35909.8  93297.5    93460
read      514.0  1276.2    68.9   109.4   127.8   309.9   400.1   460.7   510.6   573.7   697.2  1332.7  3759.4 19501.4 35956.2  39889.5    39917
read      377.4   688.9    63.8   105.8   120.3   284.3   373.4   431.9   476.9   533.0   635.0   845.0  1878.2  6055.7 31383.9  23880.3    23876
read      445.4   959.6    68.9   106.6   122.4   298.8   391.9   452.6   501.2   560.3   666.0  1070.2  3542.1  8414.6 32322.0  34500.6    34459
read      541.6  1340.1    63.8   116.0   140.2   328.2   409.4   465.5   514.4   580.0   691.6  1483.7  5355.4 17562.8 37059.8  62337.4    62328
read      528.9  1188.8    63.8   125.4   155.7   355.6   430.8   484.7   536.6   610.9   718.2  1118.4  4562.1 12856.6 32432.7  79961.7    79775
read      491.5  1231.6    63.8   107.4   124.3   305.7   391.3   450.2   496.9   554.1   658.9  1160.4  3731.2 16853.9 35448.4  36986.1    36967
read      477.2  1177.6    63.8   107.6   123.8   301.3   387.9   446.7   493.9   551.1   667.5  1143.2  3640.1 14952.3 35136.6  35885.0    35860
read      561.3  1333.2    63.8   113.5   134.9   327.3   414.0   475.0   529.5   609.9   837.5  1607.1  4743.7 18298.9 36189.2  47572.5    47459
read      537.4  1226.6    63.8   113.3   134.4   323.6   405.3   462.8   511.5   581.9   749.8  1555.4  4581.7 12391.8 35243.1  47460.2    47372
read      322.8   721.7    74.4   122.8   149.2   252.1   297.0   327.6   350.9   380.4   423.2   499.5  2171.4  7579.5 35450.6   7191.9     7168
read      523.5  1145.1    63.8   118.2   142.4   336.5   420.0   476.1   526.7   594.9   717.4  1477.5  4199.0 12762.2 35449.3  60285.7    60235
read      519.8  1197.4    63.8   118.1   142.0   333.9   415.7   470.2   519.8   586.0   694.5  1447.7  4012.9 17185.4 32376.7  61680.1    61690
read      477.6   866.0    68.9   136.5   173.7   369.3   437.6   487.5   537.2   612.8   712.6   871.2  2562.2 11475.4 31848.4 100065.1    99993
read      406.0   839.8    68.9   108.2   124.0   289.0   383.3   445.9   497.7   574.1   679.4   842.3  2786.1 10065.0 32358.9  16470.4    16486
read      534.4  1741.0    68.9   115.2   140.5   294.0   383.3   439.7   478.9   522.4   584.1   826.3  6215.1 31472.1 37497.5   8840.3     8813
read      475.4   731.7    63.8   117.1   141.8   329.5   413.6   473.7   529.3   606.6   785.0  1529.4  2728.3  7763.0 30805.2  68956.5    68971
read      410.1  1510.5    74.4   122.4   149.2   254.3   303.9   335.8   362.3   396.2   438.0   525.1  3817.0 30881.4 37957.7   6950.5     6959
read      524.9  1150.4    68.9   118.6   144.2   337.6   420.0   475.6   528.3   600.3   735.9  1529.5  3641.6 16234.8 35911.7  66743.9    66927
read      444.6  1074.4    63.8   107.3   124.1   299.4   378.9   432.0   473.5   528.1   611.8   932.7  3462.6 12150.7 36411.6  36958.0    37043
read      511.1   967.8    63.8   118.6   145.2   339.2   422.2   482.7   538.1   615.1   761.8  1542.4  3465.9 10797.0 32120.7  69797.8    69768
read      487.5  1041.9    68.9   129.9   164.8   361.9   434.8   482.1   525.7   591.0   686.1   860.4  3149.5 12858.5 32360.3  94239.9    94229
read      373.2   765.2    68.9   103.6   117.4   275.0   359.6   414.8   455.6   503.9   576.4   758.2  3234.2  8052.8 31691.8  32659.0    32698
read      336.5   551.1    68.9   105.0   119.7   274.4   344.5   388.9   422.8   465.1   526.5   634.6  1598.4  5176.1 29393.3  14970.6    14982
read      551.9  1339.0    68.9   137.3   177.1   371.3   441.2   493.8   547.9   627.5   722.0   888.2  5946.5 17449.4 35995.5  92302.3    92233
read      327.6   592.6    68.9   103.4   116.6   264.8   340.6   387.1   421.4   461.9   516.0   623.7  1150.8  6703.7 30804.0  20851.0    20951
read      533.4  1294.6    63.8   130.4   166.6   362.8   432.7   484.9   535.7   609.1   700.8   865.9  5346.8 18589.0 35130.8  88903.4    88825
read      451.4  1137.3    68.9   106.1   121.5   291.6   376.2   433.2   475.4   530.7   622.5   933.1  3495.3 12274.3 32476.2  33944.6    34015
read      460.1   896.6    68.9   129.3   161.5   351.8   423.0   470.1   514.5   580.4   672.9   829.5  2736.5 11995.7 32031.3  96944.1    96997
read      386.0  1184.2    74.4   115.8   137.4   264.7   314.5   345.4   370.9   402.6   450.2   543.9  3316.9 18874.3 35620.2   9066.1     9083
read      471.4  1129.3    63.8   109.2   127.4   307.8   390.5   444.0   492.0   548.0   638.2  1096.3  3685.9 12194.4 32403.7  40503.1    40643
read      524.7  1227.2    63.8   119.6   146.0   335.2   416.5   473.7   526.2   590.4   691.5  1370.8  4464.2 15990.7 35809.2  69658.8    69687
read      502.5  1148.8    68.9   118.4   143.2   332.7   413.6   466.8   515.0   581.1   679.2  1224.6  3756.3 15305.5 35428.4  68407.4    68566
read      445.2  1138.2    68.9   107.3   123.3   295.7   374.2   428.2   470.5   528.9   613.1   923.2  3618.1 15033.8 35156.1  34658.8    34684
read      539.5  1453.8    63.8   111.0   131.0   320.5   400.5   454.6   501.7   567.7   677.5  1399.8  5078.3 29470.8 37092.5  48015.0    47990
read      369.0   471.4    68.9   107.7   124.4   305.8   380.4   434.4   475.7   524.7   589.8   837.0  1355.9  4750.1 17382.5  28290.9    28305
read      401.0   617.8    63.8   118.7   143.5   323.5   399.2   446.5   484.5   536.0   610.2   739.6  2331.8  7026.6 30279.6  89151.0    89174
read      299.5   460.2    68.9   113.0   132.5   264.0   312.4   338.9   359.0   383.8   420.0   494.1   977.4  4665.4 25460.6  10561.9    10556
read      299.8   665.0    80.4   124.4   148.9   257.5   295.6   318.2   335.2   355.5   384.3   436.0   844.1  7950.5 31780.2   7088.3     7082
read      367.9   451.5    63.8   107.9   126.1   312.3   385.6   426.0   460.4   507.4   571.5   691.5  1688.0  4405.2 14728.9  48108.6    48166
read      362.4   489.3    68.9   107.4   125.1   313.2   382.6   423.3   457.8   502.5   560.7   670.9  1568.8  4386.4 25447.4  44388.4    44299
read      369.7   492.5    68.9   108.8   126.0   313.1   385.5   431.0   469.6   519.2   581.7   729.4  1526.4  5090.2 20764.4  39672.4    39675
read      400.4   526.4    68.9   109.9   127.9   313.4   393.9   446.3   490.7   545.2   625.1  1066.2  2034.6  5479.3 16812.3  41583.5    41711
read      377.2   430.7    68.9   110.7   129.7   310.7   395.4   444.7   483.8   533.8   599.9   747.8  1837.4  4277.9 12841.5  56253.1    56364
read      359.9   367.8    68.9   114.2   134.7   310.2   389.7   437.5   475.5   524.6   591.0   699.7  1447.0  3567.0 10641.3  80061.5    79981
read      339.9   281.4    63.8   112.2   131.6   300.0   376.9   424.1   460.7   506.2   566.7   662.1  1183.5  2614.5  6260.3  78615.8    78634
read      337.5   248.0    63.8   108.6   127.5   303.9   382.4   427.4   461.6   502.7   555.5   639.0  1196.9  2160.2  6237.0  58341.8    58309
read      344.6   264.3    63.8   114.2   135.6   309.0   381.5   425.5   460.5   506.3   572.1   672.6  1086.8  2546.3  6806.2  87327.4    87196
read      324.2   318.2    63.8   108.7   125.7   284.9   353.5   396.9   429.1   465.2   509.7   592.9  1278.1  3050.0 10036.3  25141.5    25110
read      338.8   263.7    63.8   108.7   127.8   303.8   382.0   426.5   460.5   502.4   555.9   640.1  1218.0  2316.0  7403.0  63819.9    63786
read      339.0   255.7    63.8   109.7   128.7   303.6   380.1   424.8   459.6   503.0   560.8   651.7  1149.9  2371.8  7594.9  75791.7    75790
read      335.9   287.8    63.8   108.1   125.9   299.1   368.5   411.4   445.5   487.6   540.3   635.1  1335.0  2303.4  7873.9  38718.7    38740
read      332.3   248.4    63.8   111.5   131.8   296.4   369.3   414.2   449.8   495.3   555.1   646.9   985.2  2317.7  8103.3  91012.0    91055
read      342.0   276.2    63.8   114.2   135.4   303.7   379.0   426.1   463.6   510.2   572.3   666.5  1011.8  2370.0  7583.8  92106.2    92008
read      355.6   296.3    63.8   108.9   128.4   317.9   395.0   441.3   477.8   523.7   583.7   696.1  1339.1  2328.8  9840.1  48543.6    48478
read      345.6   270.9    63.8   109.4   128.4   314.1   392.2   435.8   469.2   510.3   568.0   659.7  1157.7  2152.9  7903.3  65998.9    65934
read      352.6   272.4    63.8   110.6   130.0   320.0   399.4   445.0   479.6   522.6   579.9   675.8  1165.4  2302.0  8007.9  69925.9    69897
read      348.4   301.0    63.8   110.3   129.8   313.6   388.7   432.4   466.9   511.5   575.5   682.5  1121.7  2583.0  8413.1  78213.8    78223
read      349.8   270.4    63.8   109.9   129.1   316.3   391.8   435.0   469.1   514.7   579.0   684.6  1154.7  2307.5  7807.1  70813.5    70860
read      354.2   317.5    63.8   108.3   126.9   318.3   388.9   435.6   471.4   511.7   564.3   665.1  1379.9  2193.0  7983.0  30107.6    30164
read      348.6   284.3    63.8   110.7   130.8   314.1   390.2   433.5   467.4   512.0   577.0   682.6  1123.6  2356.8  7997.3  77762.6    77911
read      351.6   270.1    63.8   109.9   129.2   313.7   395.6   445.6   484.1   530.8   588.4   680.9  1240.9  2198.1  8090.8  60728.8    60847
read      347.1   280.3    63.8   113.3   134.5   312.4   388.3   431.1   464.6   507.4   571.5   675.5  1062.5  2426.5  8628.1  88740.5    88832
read      355.2   310.8    63.8   108.3   126.9   310.6   401.4   455.8   494.4   538.6   592.8   685.9  1351.9  2327.8  8702.0  51949.0    51963
read      341.7   331.9    68.9   113.1   132.2   303.6   395.5   440.5   468.8   500.0   539.3   608.5  1209.3  3600.5 12098.2  17982.0    17998
read      360.7   302.1    63.8   111.0   130.5   314.4   402.8   456.7   496.2   541.8   600.3   699.4  1393.5  2521.1  8461.3  58052.0    58077
read      350.6   301.7    63.8   113.5   134.3   312.0   386.7   432.0   467.5   513.9   580.2   687.3  1207.0  2767.2  8723.2  84191.7    84235
read      353.3   325.8    63.8   111.4   130.9   315.5   388.0   431.1   464.6   504.8   558.5   661.9  1409.8  2714.0 10078.0  44613.1    44660
read      332.2   361.7    68.9   110.1   127.9   291.1   361.6   405.7   438.1   473.9   520.0   612.6  1295.1  3226.5 13179.1  23745.2    23715
read      345.4   268.9    63.8   114.2   135.8   309.0   381.3   425.3   459.8   504.5   569.7   675.7  1116.3  2526.4  8799.7  95852.1    95652
read      338.2   280.0    68.9   111.2   128.5   297.7   389.4   439.1   470.5   504.4   546.6   625.0  1238.5  2691.9  8616.2  19208.5    19191
read      359.5   321.3    63.8   112.4   133.0   321.6   399.4   445.2   479.8   523.0   579.9   677.7  1409.0  2551.8  9305.9  54534.4    54488
read      349.7   281.6    63.8   117.9   140.0   309.9   383.9   429.6   465.9   512.6   577.5   680.8  1168.6  2744.2  7991.3  95581.3    95559
read      353.3   303.7    68.9   111.5   131.6   310.4   395.1   447.0   485.3   529.8   585.2   680.0  1302.7  2438.1  8707.5  64480.7    64480
read      354.5   283.2    63.8   112.0   132.5   316.4   396.3   443.4   479.0   522.0   576.8   668.2  1339.6  2549.4  7981.7  62184.8    62177
read      312.3   438.4    68.9   120.7   142.4   280.9   332.9   359.3   377.9   400.8   434.0   498.9  1066.3  5220.4 19771.8  10953.7    10891
read      353.6   309.3    68.9   113.8   135.1   316.8   385.6   427.9   460.9   501.0   552.2   647.3  1433.1  2554.8 11417.7  36444.4    36552
read      350.5   271.5    63.8   114.4   135.4   314.3   388.5   432.7   468.2   514.8   579.5   680.7  1192.7  2627.8  8107.3  83850.3    83748
read      357.9   372.1    68.9   110.9   130.6   307.1   389.7   439.1   474.0   514.5   574.7   734.1  1345.1  3852.9 12517.3  24165.1    24208
read      365.6   362.5    63.8   111.7   131.2   306.0   388.6   439.7   476.4   524.5   607.7   822.1  1430.1  3006.2 13332.2  22582.2    22660
read      338.4   347.3    63.8   108.1   125.6   296.8   370.0   416.3   451.5   490.9   538.5   629.9  1353.9  3132.7 12616.7  27438.7    27431
read      330.0   341.5    63.8   108.2   125.4   287.9   355.3   399.8   434.5   471.6   520.8   619.2  1306.5  3336.7  8776.0  25153.2    25274

Total QPS = 51181.3 (92126408 / 1800.0s)

Total connections = 64
Misses = 0 (0.0%)
Skipped TXs = 0 (0.0%)

RX 22755222776 bytes :   12.1 MB/s
TX          0 bytes :    0.0 MB/s
Warning! Detected max cpu usage > 95%
CPU Usage Stats (avg/min/max): 99.97%,42.93%,100.00%