ubuntu@client-measure-4brn:~/memcache-perf-dynamic$ ./mcperf -s 10.156.15.231 -a 10.156.15.230 --noload -T 16 -C 4 -D 4 -Q 1000 -c 4 -t 1800 --qps_interval 10 --qps_min 5000 --qps_max 100000
Random waveform, random seed
Total number of intervals = 180 (48062, 15472, 66738, 9015, 46761, 97827, 78388, 93237, 78827, 56131, 51936, 45094, 8629, 10073, 59188, 45544, 70109, 37633, 16658, 52048, 23330, 75902, 21482, 87126, 77182, 64867, 12279, 75260, 65924, 91370, 64515, 67444, 88040, 57140, 98571, 49407, 94723, 75084, 48581, 95456, 41678, 62559, 65060, 25369, 52206, 24658, 72359, 34445, 23944, 48343, 81504, 26134, 87404, 97316, 40636, 41594, 80911, 35186, 21270, 46094, 88504, 56303, 90015, 86570, 42676, 33031, 89508, 27973, 21047, 88662, 54014, 10487, 74425, 86447, 63109, 9480, 58453, 33382, 15766, 65390, 48929, 45973, 51126, 12158, 48455, 53683, 45257, 83521, 14670, 79692, 70408, 34139, 90749, 78039, 18338, 76364, 86516, 86777, 7205, 29022, 76070, 91596, 64739, 44391, 72399, 43377, 37209, 5987, 76358, 77738, 95049, 41857, 35980, 64838, 81690, 22891, 19850, 23658, 90906, 52744, 42298, 46712, 26377, 83500, 39645, 96794, 16848, 8241, 44488, 88745, 19058, 17673, 15170, 30099, 28486, 86469, 49789, 61094, 51004, 48085, 23424, 51481, 84055, 59590, 55196, 9597, 28273, 27798, 28865, 7929, 24384, 30475, 80948, 88869, 11307, 89536, 8640, 94675, 22176, 68688, 92209, 93689, 81855, 38963, 39165, 23014, 92021, 72336, 41247, 49114, 18564, 68159, 40291, 42868, 20373, 64358, 95326, 40472, 39909, 73439)
Average QPS expected = 52939
Timestamp start: 1621968344862
Timestamp end: 1621970145426

#type       avg     std     min      p5     p10     p50     p67     p75     p80     p85     p90     p95     p99    p999   p9999      QPS   target
read      532.4  1175.4    63.8   101.8   120.6   301.6   394.8   461.5   524.5   642.0   981.9  1544.5  4301.4 14318.9 32522.8  48082.1    48062
read      354.1   682.8    63.8   100.0   115.2   250.3   342.1   409.0   463.0   529.8   617.6   759.9  1534.6  8333.4 31314.9  15545.6    15472
read      701.2  1327.8    63.8   130.0   168.9   389.4   500.4   590.1   687.5   925.4  1512.6  2036.9  5488.7 13681.0 35145.2  66749.3    66738
read      333.0   725.7    68.9   109.2   130.5   243.0   319.1   368.8   405.6   452.6   511.2   612.7  1790.9  8399.9 35401.8   9019.0     9015
read      485.1   943.2    63.8   102.0   120.3   296.5   390.6   457.6   520.8   641.9   970.1  1454.4  4224.0 11999.7 32160.3  46690.3    46761
read      539.8  1132.3    63.8   142.6   195.1   414.4   488.8   536.8   580.9   648.6   758.1   934.1  4252.3 13861.5 32435.6  97922.6    97827
read      503.6  1140.0    59.1   114.0   144.0   357.2   433.7   485.2   531.1   596.6   704.5   967.0  4147.2 13193.3 35294.3  78367.8    78388
read      446.5   713.1    59.1   119.6   152.9   372.5   459.1   513.2   556.2   610.3   688.9   862.5  1758.2  8864.2 31580.8  93384.1    93237
read      545.0  1313.2    59.1   119.3   153.4   382.3   469.2   523.7   565.8   627.1   730.6   979.4  4732.2 17993.6 36318.6  78930.0    78827
read      508.3   927.3    63.8   105.5   127.4   323.0   422.7   494.2   564.8   697.5  1103.4  1594.8  3240.3  6978.4 32283.4  55996.5    56131
read      561.5  1015.1    63.8   105.2   127.8   336.5   453.2   547.5   673.8   986.0  1376.7  1710.4  2960.3  9074.0 32837.8  52035.9    51936
read      567.5  1014.8    63.8   105.0   127.9   345.0   469.0   572.4   715.5  1005.8  1336.2  1664.6  3086.1  8528.0 32439.2  45072.5    45094
read      305.1   631.5    68.9   113.1   133.6   235.7   295.6   336.0   367.3   405.0   462.3   564.8  1177.6  5770.0 31367.9   8719.4     8629
read      311.6   617.4    68.9   111.6   131.1   238.5   302.1   344.8   379.5   421.4   474.7   593.5  1221.8  6707.9 30790.9  10036.2    10073
read      488.0  1053.2    63.8   106.9   129.8   335.1   423.9   479.7   531.4   613.4   755.2  1370.2  2750.1 12938.7 32466.4  59233.5    59188
read      513.2   751.2    63.8   103.2   123.7   329.5   430.6   523.9   655.9   934.9  1264.0  1559.4  2197.5  7230.8 31140.5  45549.1    45544
read      492.5   918.4    59.1   111.6   138.2   353.9   441.8   501.8   552.1   634.5   779.4  1369.7  2773.7 10103.4 32327.0  70162.2    70109
read      517.9   575.2    63.8   103.5   124.6   339.0   458.4   595.1   839.3  1063.6  1249.4  1458.5  1890.8  5074.7 15353.8  37645.5    37633
read      394.8   896.4    63.8   102.0   118.6   269.8   361.2   436.1   507.7   594.3   712.7   853.8  1829.8 11242.3 38155.6  16699.1    16658
read      495.8   787.4    63.8   104.2   125.5   327.0   427.9   502.1   581.8   767.0  1107.3  1555.4  2318.2  8391.3 31627.1  52024.3    52048
read      478.5  1809.6    63.8   102.0   118.7   294.6   406.0   490.9   566.2   677.7   828.2  1044.7  2731.2 15039.3 78584.1  23404.6    23330
read      573.1  1247.4    63.8   121.9   158.5   379.3   468.7   530.8   583.3   667.1   836.4  1500.2  5050.0 13740.3 36080.6  75905.1    75902
read      460.7  1089.1    63.8   101.7   118.2   292.3   400.1   484.4   562.2   658.3   807.2  1038.2  3442.4 13489.4 32345.0  21513.1    21482
read      545.3  1200.6    63.8   129.0   171.4   387.6   464.8   519.0   566.9   635.3   747.9   995.6  5015.1 14436.8 35828.2  87265.1    87126
read      546.4  1160.7    63.8   120.4   156.1   369.3   454.9   512.9   566.4   643.2   783.8  1395.7  5119.6 12501.8 32419.1  77288.0    77182
read      558.1  1100.9    63.8   113.0   140.1   343.8   437.5   507.4   579.6   716.3  1153.1  1667.2  4746.8 12010.3 34087.7  64793.7    64867
read      394.9  1164.8    68.9   102.8   120.2   250.5   329.7   388.9   436.8   495.3   576.5   726.5  3158.8 19612.5 36644.6  12354.4    12279
read      563.7  1240.2    63.8   120.2   155.7   371.9   458.7   516.9   569.4   647.9   804.9  1431.6  5252.5 14502.8 35358.9  75278.7    75260
read      544.6  1135.1    63.8   112.0   138.8   334.5   428.3   492.0   550.3   662.6  1030.3  1614.0  4780.7 12792.6 35533.9  65890.5    65924
read      508.2  1036.5    63.8   127.4   167.1   372.2   447.4   497.4   540.8   607.6   716.0   927.7  4582.1 12110.3 32500.8  91454.2    91370
read      509.5   961.3    63.8   108.2   132.1   319.2   410.5   474.0   533.6   636.3  1008.1  1585.5  3886.1  9168.4 32133.8  64547.7    64515
read      513.0   973.7    63.8   110.3   135.7   323.2   411.3   473.2   532.4   630.2   943.7  1590.3  3965.1  9437.4 32217.7  67413.2    67444
read      492.1   973.4    63.8   121.6   157.3   364.6   443.1   493.7   536.1   597.8   700.8   919.1  4499.9 11008.1 32183.4  87981.7    88040
read      488.9   820.7    63.8   103.8   124.5   301.8   394.0   464.3   535.7   708.5  1199.4  1579.8  2567.7  7781.0 31708.0  57170.2    57140
read      427.5   609.5    59.1   123.8   158.2   362.7   442.8   493.9   534.1   585.8   666.1   816.0  1435.2  8359.7 30820.5  98497.7    98571
read      488.9   773.1    63.8   105.7   125.7   306.4   398.7   470.9   551.2   788.8  1233.4  1545.9  2284.4  7823.4 31363.0  49365.2    49407
read      427.6   675.9    63.8   119.5   150.9   351.2   429.6   478.2   519.1   574.3   656.0   812.6  1676.0  8785.4 30526.8  94788.0    94723
read      513.0   928.8    63.8   118.4   150.6   355.8   444.8   502.4   551.2   627.6   776.4  1423.3  4160.6  9961.6 31833.4  75031.2    75084
read      479.0   661.8    63.8   103.9   124.0   308.0   400.8   471.7   551.9   780.1  1227.0  1521.1  2163.7  5905.3 24259.2  48630.9    48581
read      413.1   662.9    59.1   119.4   149.1   343.2   416.8   461.2   499.2   554.3   640.1   790.8  1585.2  8538.4 30906.4  95510.4    95456
read      473.3   717.4    63.8   102.1   120.5   299.6   391.9   471.2   571.8   867.8  1178.0  1407.0  2094.1  7927.3 30695.6  41674.8    41678
read      508.8   929.6    63.8   107.7   131.2   320.6   412.3   476.2   539.4   658.1  1077.2  1584.8  3231.6  9733.7 31963.0  62683.6    62559
read      531.5  1026.5    63.8   110.7   136.0   329.7   423.3   489.0   549.5   672.1  1070.0  1603.2  4525.2 12076.1 32236.4  65024.8    65060
read      358.2   566.9    63.8    99.3   113.7   252.0   338.5   402.7   460.7   550.4   697.1   892.7  1487.2  6035.4 20370.6  25412.1    25369
read      492.3   816.2    59.1   107.5   128.2   310.0   404.5   477.6   550.6   719.6  1155.9  1529.5  2571.3  7785.3 31636.1  52228.1    52206
read      439.7   814.1    63.8   101.7   118.0   278.3   381.2   468.0   563.2   716.7   889.4  1139.1  2575.2  9213.1 31618.9  24674.8    24658
read      508.5   989.3    59.1   113.9   143.8   357.5   448.3   505.4   549.7   618.2   740.3  1328.4  3622.4 12143.4 31991.8  72291.1    72359
read      448.1   947.4    63.8   101.6   117.8   276.5   372.0   440.6   509.2   638.8   883.5  1222.8  3072.8 11664.7 31978.9  34428.8    34445
read      367.3   651.3    63.8    99.2   113.2   254.2   343.3   410.5   472.0   569.3   713.9   938.1  1519.3  6845.5 31171.9  23892.0    23944
read      458.3   584.1    59.1   102.5   122.1   301.0   391.0   460.4   535.0   741.1  1170.2  1472.0  1978.1  5792.2 15506.2  48483.2    48343
read      665.3  1369.9    63.8   153.2   207.5   401.0   489.8   562.0   638.7   755.1  1029.4  1722.4  6000.9 14586.5 35891.4  81572.1    81504
read      389.3   680.8    63.8   100.1   115.3   265.3   356.4   425.0   490.5   611.9   778.4   989.1  1720.5  7232.4 31112.5  26095.5    26134
read      681.4  1485.7    63.8   183.1   245.1   427.1   507.7   565.7   622.4   709.7   852.3  1396.5  8148.6 20018.4 35850.9  87461.6    87404
read      410.0   459.5    63.8   120.2   152.3   358.7   444.0   494.7   534.3   584.1   654.0   800.2  1322.5  5420.3 17004.4  97413.4    97316
read      463.0   661.4    63.8   101.9   120.9   303.8   394.1   468.4   550.2   822.0  1162.2  1420.5  1884.6  6946.1 28626.5  40674.6    40636
read      464.5   742.7    63.8   100.9   118.8   288.9   382.1   460.8   548.7   783.2  1096.4  1384.8  2600.3  7299.9 31121.5  41542.9    41594
read      726.2  1602.2    63.8   180.2   242.8   419.6   503.2   577.1   659.3   770.2   994.9  1730.0  8341.9 27176.2 36829.8  80854.2    80911
read      445.0   840.1    63.8    99.7   116.9   282.6   372.3   445.7   526.3   748.6  1013.0  1268.1  1985.7  9714.6 31699.0  35264.6    35186
read      392.2   696.8    63.8    99.9   115.8   268.3   366.8   442.8   521.9   636.9   776.4   965.2  1590.5  7182.2 30825.1  21336.9    21270
read      491.8   675.4    63.8   102.3   122.7   306.1   407.7   499.8   615.0   927.8  1262.2  1519.6  2118.7  6903.7 26748.6  46099.7    46094
read      626.0  1378.7    59.1   159.2   216.4   400.7   477.6   538.3   596.7   684.9   801.8  1304.4  6249.9 17180.2 35806.5  88359.2    88504
read      507.8  1064.8    59.1   107.8   131.6   328.0   418.3   480.6   536.3   626.3   844.6  1447.8  3886.6 13008.8 32330.0  56315.9    56303
read      404.6   456.2    59.1   115.8   146.1   347.7   428.8   477.5   517.6   571.3   647.2   796.7  1539.8  5269.1 13493.7  90051.8    90015
read      411.4   533.6    59.1   113.1   143.3   355.4   436.4   484.9   523.6   574.4   649.0   805.4  1464.1  5967.8 25293.4  86648.4    86570
read      494.6   841.0    63.8   101.1   120.5   304.8   404.9   492.5   602.5   884.2  1182.2  1445.5  2283.8  9104.3 31418.9  42658.0    42676
read      373.1   511.4    63.8    99.1   114.4   265.4   354.1   417.7   477.1   570.9   761.8  1068.5  1509.2  5422.9 15888.1  32951.1    33031
read      455.9   712.2    59.1   123.5   160.6   380.6   460.9   509.9   550.8   606.9   692.7   868.3  1742.0  8893.9 31096.3  89343.2    89508
read      391.1   835.7    63.8    99.8   115.4   260.7   346.8   411.0   465.1   551.7   718.7   985.6  2067.2 10774.0 32222.4  28013.3    27973
read      336.0   553.7    63.8   100.0   114.7   249.6   330.2   383.5   427.6   492.9   601.7   778.0  1295.9  6548.4 28991.4  21022.2    21047
read      418.3   616.6    59.1   115.2   145.2   348.8   430.3   480.8   520.6   573.6   653.1   811.1  1652.7  8315.4 30277.3  88544.0    88662
read      497.5   996.7    59.1   109.0   132.3   328.4   421.6   488.4   545.3   633.4   887.6  1413.6  3072.8 10969.6 32407.1  54105.2    54014
read      274.8   562.0    68.9   105.4   122.8   219.9   274.2   307.8   333.5   365.9   409.8   490.9   878.6  7592.6 30277.7  10459.7    10487
read      487.1   978.1    59.1   113.7   143.8   354.2   444.5   501.4   545.5   604.6   706.3   998.3  3495.3 10943.2 32419.5  74343.4    74425
read      411.6   636.1    63.8   112.2   140.5   342.0   424.2   473.5   512.8   564.7   641.8   803.2  1661.3  7877.5 30618.4  86361.4    86447
read      516.1  1195.4    59.1   109.7   136.2   342.7   435.3   494.6   542.1   614.0   760.0  1262.2  4231.4 16872.7 32369.4  63258.2    63109
read      253.5   406.0    68.9   107.6   125.0   211.7   255.4   282.4   303.1   329.8   366.0   427.8   792.6  4742.7 16824.4   9445.5     9480
read      500.4  1032.5    59.1   107.8   134.0   342.5   432.3   488.8   538.2   619.9   766.4  1366.8  3592.1 13618.1 32073.3  58441.4    58453
read      370.7   650.4    63.8    98.3   113.6   262.7   350.1   408.2   461.7   554.8   723.2   960.5  1474.7  7250.2 31216.1  33433.7    33382
read      292.4   430.5    63.8    99.0   113.9   232.1   297.0   338.6   371.6   417.0   490.0   597.8   936.0  4854.6 13797.7  15784.5    15766
read      490.5  1023.0    59.1   107.9   132.9   336.9   427.2   482.1   527.4   590.1   699.1  1066.6  4534.8 12072.6 32284.6  65314.8    65390
read      480.2   671.0    59.1   102.2   123.2   313.9   418.3   499.3   585.0   774.3  1162.9  1482.3  2107.0  6942.1 28393.6  48890.2    48929
read      461.4   673.0    63.8   102.0   121.8   309.2   408.3   481.3   550.4   684.4  1002.1  1386.0  2400.8  6155.4 29117.5  46049.0    45973
read      517.2   737.9    63.8   103.2   125.1   326.6   430.7   518.0   618.1   888.7  1282.9  1597.9  2578.9  7288.8 27557.9  51106.2    51126
read      346.1   780.7    63.8    99.5   116.7   254.6   334.3   390.5   435.2   493.2   565.3   676.0  1474.3  8952.3 32093.8  12147.1    12158
read      514.0  1029.0    63.8   102.0   120.3   298.3   400.2   476.3   548.8   701.4  1083.5  1573.2  4378.4  9837.9 32262.2  48404.7    48455
read      581.8  1218.2    59.1   105.3   128.7   325.2   420.1   493.5   573.0   750.1  1285.7  1741.8  4686.4 12751.5 35493.9  53718.2    53683
read      438.3   840.6    59.1   101.1   117.9   278.4   369.1   428.1   477.9   555.8   734.1  1186.9  4203.8  8043.7 31573.3  45287.9    45257
read      741.5  1789.4    63.8   185.5   244.6   403.5   482.1   544.6   617.3   711.9   856.7  1773.1  8569.0 30361.1 37588.0  83516.7    83521
read      320.0   547.6    63.8    96.9   112.1   237.3   314.0   366.4   410.6   468.8   550.9   678.9  1331.2  5558.6 30431.4  14687.0    14670
read      671.2  1498.5    59.1   137.5   187.9   389.0   470.2   535.9   601.3   702.1   882.7  1754.7  7790.1 19971.2 36357.2  79565.8    79692
read      652.3  1292.9    63.8   120.7   156.1   359.7   460.6   542.7   632.3   806.3  1405.1  1967.5  4961.2 13595.1 35486.8  70427.9    70408
read      420.9   789.8    63.8    98.7   114.1   272.2   366.0   434.8   496.4   598.4   816.4  1138.8  3493.9  8384.9 31889.9  34165.2    34139
read      644.4  1403.4    54.7   165.4   230.3   414.2   492.4   549.8   611.2   691.9   815.3  1161.5  7744.0 16365.4 36005.4  90717.7    90749
read      735.9  1488.1    63.8   163.3   222.7   427.6   531.4   608.7   681.9   814.9  1274.1  2053.1  6603.4 20359.7 36404.8  78048.0    78039
read      323.4   545.0    59.1    96.5   110.3   242.5   324.7   379.6   425.6   492.1   582.8   714.1  1125.3  5557.8 30848.7  18345.8    18338
read      664.8  1468.9    59.1   131.9   175.0   381.8   468.4   535.9   603.3   710.6   959.6  1865.2  6942.8 19931.4 36599.7  76329.4    76364
read      704.1  1727.4    63.8   173.1   231.3   394.0   472.1   537.9   600.3   678.6   793.4  1552.0  8495.0 29190.9 37843.6  86417.1    86516
read      692.3  1707.5    63.8   167.1   224.9   390.6   465.1   528.5   595.2   677.2   781.4  1343.9  8418.8 30126.7 37151.7  86697.3    86777
read      284.9   535.5    68.9   108.7   130.7   223.7   277.4   314.1   342.5   377.5   422.6   497.0  1357.7  7002.2 23489.2   7235.5     7205
read      379.3   723.6    63.8    97.2   111.0   254.3   347.8   412.6   469.3   555.7   705.9   931.9  2997.0  6311.1 31763.3  29003.5    29022
read      656.3  1437.0    59.1   129.7   171.3   374.9   464.6   540.0   613.4   726.8  1064.2  1961.6  5828.0 20157.7 36988.7  76113.3    76070
read      671.5  1462.6    63.8   197.2   261.7   416.8   493.9   561.7   633.3   721.8   844.2  1487.8  7771.3 18489.1 36871.8  91502.8    91596
read      611.6  1194.2    63.8   111.1   138.7   347.8   454.1   532.6   623.4   849.6  1434.5  1925.0  4262.3 12812.6 35643.9  64788.7    64739
read      460.5   894.8    63.8   100.8   118.1   283.2   376.6   442.0   502.5   615.9   928.4  1422.4  2904.2  7759.7 32152.2  44367.5    44391
read      674.7  1333.3    63.8   130.0   171.6   373.3   468.8   559.9   660.8   862.7  1514.1  2148.9  5249.6 18513.1 35487.4  72387.7    72399
read      464.6   803.0    59.1   100.8   118.2   287.0   383.5   451.2   516.2   649.5  1002.5  1462.3  2746.0  6815.1 31577.1  43373.4    43377
read      382.2   791.8    63.8    99.3   114.3   252.1   341.4   399.3   450.3   525.1   673.6   969.4  2503.0  8864.7 32088.0  37313.4    37209
read      336.2  1280.0    68.9   111.2   131.6   213.6   262.3   293.1   316.1   344.7   384.5   458.7  2312.8 25422.3 35132.4   5986.6     5987
read      634.1  1266.8    63.8   128.4   173.2   386.3   481.8   553.5   630.2   759.6  1171.1  1787.0  5120.1 14661.1 35534.3  76123.0    76358
read      678.0  1407.7    63.8   143.9   195.1   400.7   498.0   572.2   646.6   778.7  1176.9  1898.8  6319.5 20085.8 36261.3  77683.1    77738
read      528.4   971.3    59.1   135.6   183.3   393.1   464.9   516.3   565.9   645.4   764.4  1008.0  3575.3 11047.1 32111.1  95063.6    95049
read      398.4   747.4    63.8    98.8   113.9   263.0   353.4   410.5   459.6   530.8   685.8  1042.2  2549.4  7603.8 31255.6  41908.7    41857
read      365.5   603.5    63.8    99.1   113.7   257.1   343.8   401.0   449.9   522.7   669.0   937.3  2382.0  5412.7 30901.8  35956.8    35980
read      618.1  1120.8    63.8   113.3   142.6   356.0   457.8   539.8   643.7   908.6  1486.6  1992.3  4239.3 12391.2 32171.4  64776.9    64838
read      549.6  1145.8    59.1   120.4   158.3   376.5   463.9   523.6   575.7   645.7   760.5  1181.1  4594.2 12734.8 32396.9  81688.8    81690
read      340.7   563.3    59.1    99.3   114.0   252.1   334.8   394.2   445.6   516.7   627.3   791.6  1311.0  4829.9 30339.8  22947.3    22891
read      345.4   513.5    63.8    99.5   114.5   254.7   342.2   404.7   460.8   535.2   636.2   802.7  1329.3  6144.5 25038.7  19815.8    19850
read      350.9   555.8    63.8    98.6   113.4   258.1   348.7   413.9   469.0   547.0   662.6   857.5  1275.3  5833.7 28663.4  23603.0    23658
read      493.5  1073.0    59.1   119.7   154.7   361.5   437.6   491.7   538.9   606.0   699.9   876.9  4097.8 12786.7 33141.5  90864.8    90906
read      519.7   877.7    63.8   105.1   126.5   320.4   423.0   496.5   570.9   727.8  1101.3  1654.8  2946.1  8740.3 31712.3  52591.4    52744
read      394.8   471.7    59.1   103.0   123.4   314.9   399.2   452.0   494.7   551.5   658.3  1019.7  1698.0  4842.1 15515.0  42266.3    42298
read      348.3   312.1    59.1   103.7   124.0   313.4   394.5   441.3   475.9   520.3   581.4   693.6  1023.0  2428.9 11131.1  46673.4    46712
read      323.2   274.5    59.1   104.2   124.6   287.5   356.9   400.3   434.0   474.4   532.9   645.0   979.9  1953.2 10000.9  26327.7    26377
read      342.6   247.5    59.1   106.2   127.9   312.3   390.7   434.6   468.8   513.2   577.9   687.0   937.3  2031.1  8332.2  83512.5    83500
read      344.3   272.6    59.1   103.4   124.0   311.8   388.1   433.1   468.3   513.4   575.2   680.0  1002.5  2371.5 10533.5  39658.0    39645
read      340.6   256.4    59.1   109.3   132.5   311.1   386.8   430.3   464.6   508.3   571.1   677.2   902.2  1591.1  8252.6  96862.8    96794
read      295.8   320.1    63.8   107.5   128.1   266.6   323.8   358.1   383.9   415.9   460.3   539.4   815.9  3830.6 12384.5  16776.7    16848
read      265.7   323.7    63.8   122.5   145.1   235.3   275.7   298.8   316.8   340.9   379.7   472.4   740.0  3491.4 11427.8   8199.5     8241
read      362.4   286.1    54.7   105.8   128.2   324.5   411.2   461.8   499.7   546.5   614.1   727.0  1018.3  2758.4  8938.9  44366.2    44488
read      344.7   249.8    59.1   108.3   130.3   314.2   391.9   437.2   472.9   519.3   583.8   690.0   921.9  1759.7  8157.7  88629.5    88745
read      319.3   263.7    63.8   105.8   126.2   287.8   360.4   401.9   431.7   466.9   516.7   611.0   839.6  3060.5 10755.9  19160.6    19058
read      313.8   241.4    63.8   105.3   125.4   284.8   354.8   394.7   424.3   460.7   512.4   608.4   823.2  1457.2  8830.3  17659.0    17673
read      310.8   278.5    63.8   110.6   132.0   284.6   346.4   381.5   407.3   440.6   485.7   563.3   798.6  3807.1  8106.7  15185.4    15170
read      338.4   265.8    59.1   105.5   125.6   305.8   382.3   431.0   466.3   508.9   567.5   668.1   937.0  2034.3  9133.8  30046.2    30099
read      327.7   250.9    59.1   105.3   125.4   295.2   369.6   415.8   449.4   490.5   544.2   637.1   907.4  2074.8  8852.5  28557.4    28486
read      330.6   243.6    59.1   105.8   127.2   301.3   376.1   420.9   455.9   499.5   559.1   655.4   867.6  1904.0  7283.7  86380.4    86469
read      328.7   223.5    59.1   102.8   123.0   299.8   375.1   419.9   453.9   495.6   551.0   643.9   909.1  1613.4  7000.0  49684.6    49789
read      326.7   217.1    59.1   102.5   122.5   298.4   374.2   419.2   453.3   495.9   550.8   641.5   878.2  1646.0  6718.4  61066.1    61094
read      323.2   222.9    59.1   101.6   121.4   295.0   369.0   413.1   447.2   488.4   541.9   633.3   869.9  1557.8  5668.6  50958.6    51004
read      324.7   277.8    59.1   101.7   121.6   294.6   369.0   413.7   447.1   487.4   540.7   630.6   870.2  1750.3  7859.1  48038.1    48085
read      290.3   270.2    59.1   100.4   117.7   260.8   323.3   363.8   393.3   427.5   471.1   544.2   783.6  2135.8  9336.9  23445.5    23424
read      324.4   214.3    59.1   102.6   122.4   296.0   372.1   416.9   449.9   490.0   543.8   635.2   892.3  1515.2  5586.8  51464.5    51481
read      330.2   212.0    59.1   106.3   127.4   300.4   374.4   420.1   455.6   500.0   560.3   659.7   888.0  1812.0  5047.3  83873.8    84055
read      325.1   218.1    54.7   103.4   123.5   296.0   372.4   418.5   452.7   493.9   548.2   637.1   879.4  1498.2  6881.8  59558.2    59590
read      324.8   222.9    59.1   103.5   123.6   295.7   371.9   416.7   450.2   490.8   543.2   633.1   872.8  1607.3  6688.8  55238.3    55196
read      255.0   377.6    63.8   112.8   132.8   228.7   269.3   292.2   309.1   329.4   357.7   406.6   646.5  4722.0 13352.7   9577.2     9597
read      325.6   224.5    63.8   111.9   134.7   294.7   369.0   412.7   444.8   482.4   532.9   622.8   898.9  1592.4  7814.4  28308.9    28273
read      324.4   235.4    63.8   112.1   134.5   292.9   366.3   408.7   440.3   478.5   529.6   619.7   893.0  2495.9  8420.4  27840.3    27798
read      319.4   258.0    63.8   108.1   129.6   287.8   359.4   401.0   432.5   470.5   525.2   618.5   894.8  1730.6  8709.7  28866.6    28865
read      246.8   305.9    68.9   115.7   135.8   217.8   254.5   275.8   292.8   313.9   343.6   408.4   673.8  4584.5 11993.7   7927.6     7929
read      313.7   237.4    59.1   110.4   132.5   282.2   351.0   392.2   423.9   463.8   514.6   600.0   858.2  1536.7  8757.7  24400.8    24384
read      325.2   209.5    63.8   109.8   131.6   294.3   367.3   412.8   448.7   490.9   543.4   632.9   883.1  1367.4  6200.3  30449.1    30475
read      330.5   237.9    59.1   105.5   126.5   301.0   376.5   421.9   456.8   500.0   559.4   658.9   876.1  1611.6  7432.1  81052.7    80948
read      331.2   215.8    59.1   107.3   129.3   303.7   376.4   420.1   454.1   497.5   558.4   659.1   871.1  1564.0  6327.2  88988.9    88869
read      262.1   221.7    63.8   109.8   129.2   235.2   286.8   315.5   336.2   362.1   397.4   465.0   667.8  2800.2  9950.5  11389.6    11307
read      333.2   214.9    59.1   108.3   130.9   305.2   377.3   421.3   456.3   501.0   562.7   663.7   869.0  1743.7  6046.3  89603.0    89536
read      245.3   235.6    63.8   112.7   132.6   224.4   263.4   286.5   303.5   323.1   351.1   402.0   581.8  3516.1  7944.6   8645.5     8640
read      344.9   234.9    59.1   110.3   134.8   314.6   391.3   437.1   472.4   518.4   581.2   684.2   921.8  1470.8  6964.3  94532.0    94675
read      293.5   196.0    59.1   103.2   121.2   263.6   328.3   370.1   400.9   436.0   483.9   563.9   808.2  1450.3  6964.1  22134.2    22176
read      330.8   241.3    59.1   105.0   125.9   301.8   378.6   423.3   457.3   499.5   556.5   650.7   887.1  1540.1  8080.6  68582.7    68688
read      339.1   221.5    59.1   109.8   132.8   310.9   385.5   429.8   464.5   509.0   572.9   675.2   899.0  1428.5  6636.1  92292.2    92209
read      340.9   226.8    59.1   109.8   133.7   312.1   387.7   432.1   466.9   510.6   573.7   676.8   905.1  1562.3  6808.4  93641.2    93689
read      342.8   247.9    59.1   107.4   129.9   313.0   389.3   434.7   470.1   515.3   577.2   683.4   924.3  1684.5  9324.8  81959.7    81855
read      324.6   204.8    59.1   106.2   126.7   295.1   368.3   412.9   446.2   487.0   542.6   638.6   916.7  1448.8  6464.4  38942.3    38963
read      325.6   256.3    59.1   104.6   124.9   294.4   369.2   413.3   446.5   487.1   541.3   637.5   930.9  1612.8  7819.9  39177.0    39165
read      300.0   258.1    59.1   102.5   120.0   264.3   331.2   372.3   402.6   440.2   490.3   583.5   927.7  2618.4  7988.8  22990.2    23014
read      343.5   228.1    63.8   109.7   133.4   314.5   391.0   435.8   471.3   516.9   578.5   681.7   915.2  1487.3  8063.1  91767.0    92021
read      337.5   230.1    59.1   105.9   126.9   307.4   386.4   432.8   468.0   511.2   570.8   668.7   918.3  1607.2  7822.1  72258.7    72336
read      326.9   213.4    59.1   104.9   126.0   296.6   372.7   416.7   450.0   490.7   544.5   639.3   928.4  1582.7  6378.6  41240.3    41247
read      332.2   222.0    59.1   105.4   126.7   302.7   380.7   426.1   459.1   499.1   552.1   650.4   909.1  1480.3  7411.6  49242.5    49114
read      283.0   205.8    63.8   104.4   122.7   256.5   316.1   353.5   380.6   412.4   454.1   522.5   745.2  1284.8  8170.3  18569.4    18564
read      338.0   216.1    59.1   105.1   125.9   309.4   389.0   434.2   468.8   513.1   573.8   673.6   915.3  1471.3  6138.3  68093.8    68159
read      330.3   226.5    59.1   105.4   127.2   302.3   375.9   420.1   453.5   495.4   551.4   647.4   893.5  1380.8  6399.4  40322.0    40291
read      332.7   217.8    59.1   104.1   125.2   303.7   379.5   425.2   459.4   501.6   558.4   656.1   925.4  1478.3  6274.4  42853.7    42868
read      293.3   281.1    59.1   105.4   123.8   263.7   326.2   364.8   393.7   429.0   473.1   549.4   763.3  2031.5 10219.1  20356.7    20373
read      344.1   260.4    59.1   105.8   126.9   312.3   394.9   444.0   479.9   523.5   581.5   681.7   933.1  1524.6  9486.8  64249.1    64358
read      365.1   244.8    63.8   114.7   141.1   332.6   416.9   466.2   503.9   549.6   614.1   725.6   989.5  1357.7  8508.5  95355.8    95326
read      332.6   244.1    63.8   104.7   124.9   301.7   380.1   423.7   456.5   497.4   560.2   669.6   914.7  1654.6  7021.9  40370.5    40472
read      334.2   236.9    59.1   105.7   126.5   303.1   379.9   424.3   460.2   508.0   569.9   665.2   906.7  1676.4  7574.5  39985.0    39909
read      346.7   236.5    59.1   106.5   128.1   315.0   398.3   448.5   485.6   531.0   589.9   689.9   922.6  1516.4  9011.0  73291.4    73439

Total QPS = 52935.4 (95283760 / 1800.0s)

Total connections = 64
Misses = 0 (0.0%)
Skipped TXs = 0 (0.0%)

RX 23535088720 bytes :   12.5 MB/s
TX          0 bytes :    0.0 MB/s
Warning! Detected max cpu usage > 95%
CPU Usage Stats (avg/min/max): 99.97%,42.64%,100.00%