ubuntu@client-measure-4brn:~/memcache-perf-dynamic$ ./mcperf -s 10.156.15.231 -a 10.156.15.230 --noload -T 16 -C 4 -D 4 -Q 1000 -c 4 -t 1800 --qps_interval 10 --qps_min 5000 --qps_max 100000
Random waveform, random seed
Total number of intervals = 180 (14062, 32060, 16585, 54644, 57097, 37686, 54352, 74844, 99040, 43301, 76765, 87500, 6840, 60963, 37698, 59071, 58308, 74780, 67907, 77725, 75927, 69132, 53106, 35191, 14095, 11716, 28411, 68609, 96132, 97587, 47541, 84043, 44794, 97226, 60559, 90573, 65375, 82824, 79053, 65160, 80086, 41102, 78111, 90919, 81866, 32433, 19286, 41229, 29427, 50920, 64490, 41293, 54000, 58496, 93283, 91002, 45229, 95963, 14789, 79130, 34067, 26565, 20877, 77258, 99767, 8830, 58449, 58468, 95958, 32473, 33238, 68093, 67553, 27313, 44308, 88120, 59843, 24822, 79411, 96192, 71509, 8976, 56768, 27465, 27940, 29743, 38082, 58883, 38366, 84257, 19468, 62758, 88718, 52134, 46784, 90925, 88744, 99159, 48553, 99849, 64120, 93158, 82964, 48902, 75986, 98843, 55771, 90009, 79870, 17518, 59785, 89542, 24762, 10279, 93338, 70029, 21928, 71282, 91371, 77451, 31910, 66855, 62236, 62200, 18139, 50002, 33967, 56007, 69016, 94181, 93479, 61836, 74786, 69211, 48757, 8528, 28816, 28591, 47212, 66158, 41185, 49840, 65448, 84122, 44805, 90139, 86111, 18687, 47533, 57355, 7251, 34878, 70901, 51104, 28024, 20957, 7646, 26697, 43775, 75824, 47769, 33413, 52072, 41418, 72342, 40636, 35219, 99437, 76985, 71981, 51196, 54676, 22050, 34334, 59267, 37271, 19083, 44289, 56771, 76028)
Average QPS expected = 56385
Timestamp start: 1621972230378
Timestamp end: 1621974030909

#type       avg     std     min      p5     p10     p50     p67     p75     p80     p85     p90     p95     p99    p999   p9999      QPS   target
read      348.8   702.5    63.8   103.8   120.7   253.5   339.7   404.5   457.6   520.1   601.2   738.1  1264.0  8648.6 31488.3  14039.4    14062
read      382.5   809.6    63.8    98.6   112.5   253.7   345.4   411.6   467.8   551.1   714.0   971.6  2737.7  6591.2 32270.1  32016.1    32060
read      338.3   616.5    63.8    97.2   111.1   246.6   330.6   396.7   453.5   522.6   613.4   767.4  1227.0  7256.6 30660.5  16603.6    16585
read      504.6   973.5    59.1   103.8   123.5   303.7   399.9   466.4   531.8   642.7  1016.4  1642.2  3299.1  8558.4 32336.0  54563.9    54644
read      540.0  1161.4    63.8   104.4   125.4   308.8   400.1   465.8   532.2   656.8  1113.5  1768.0  3450.2 12977.0 35530.5  57093.4    57097
read      515.9  1368.4    63.8   101.1   117.6   281.8   380.5   449.9   512.0   622.3   891.0  1392.8  3731.5 29017.0 37268.5  37604.1    37686
read      525.1  1165.5    63.8   102.5   122.3   301.1   394.6   460.6   524.5   639.9  1042.3  1673.8  3498.2 13002.5 35771.4  54289.5    54352
read      645.2  1472.7    59.1   124.4   160.2   354.0   441.4   506.2   571.8   676.8   975.0  2097.9  5970.8 24235.4 36173.8  74921.4    74844
read      499.1   765.3    59.1   138.3   184.9   414.5   501.4   547.7   585.4   638.4   736.3   944.0  2348.9  9087.7 31296.0  99076.6    99040
read      483.6  1022.9    63.8   101.3   118.8   292.4   389.0   456.9   519.7   631.1   952.6  1440.7  3590.5 10344.1 32505.8  43344.5    43301
read      689.1  1559.1    63.8   136.0   181.7   378.9   463.8   536.7   612.1   724.8  1062.7  2001.8  7085.2 28519.7 37018.9  76866.9    76765
read      719.2  1601.0    63.8   216.1   277.1   433.5   516.4   583.8   647.2   737.2   873.1  1548.3  8170.0 27555.4 37164.9  87409.5    87500
read      336.5  1209.4    63.8   108.0   130.7   221.8   275.8   312.7   340.4   371.9   415.7   496.1  2119.9 21494.5 37491.8   6790.9     6840
read      612.9  1418.2    63.8   108.1   132.0   328.1   422.9   489.8   555.7   686.5  1148.4  1938.4  5496.0 23188.7 35743.6  61036.6    60963
read      393.1   753.3    63.8    97.8   112.5   260.9   348.6   407.8   459.5   539.0   715.6  1057.4  3193.6  6113.4 31741.3  37672.9    37698
read      616.8  1401.2    63.8   107.7   131.5   330.1   426.9   493.1   559.8   694.4  1173.9  1990.7  5202.6 19527.9 36696.8  59111.3    59071
read      582.5  1171.7    63.8   106.7   130.6   327.4   424.2   496.2   569.3   720.9  1277.0  1866.2  4331.4 11782.2 32332.4  58278.5    58308
read      681.3  1396.2    63.8   132.6   173.0   370.1   461.6   542.6   631.1   780.7  1434.6  2116.4  5474.1 17629.4 36145.4  74619.7    74780
read      679.6  1376.3    63.8   120.3   154.8   367.6   467.3   545.6   636.8   863.0  1531.9  2090.0  5485.6 16638.9 36011.1  67994.1    67907
read      726.7  1753.3    63.8   146.8   197.4   377.4   461.6   529.2   597.4   692.2   904.3  2201.1  8250.8 30572.9 36872.8  77765.2    77725
read      731.5  1719.1    63.8   145.7   197.0   401.9   492.9   554.8   615.1   713.5   940.2  2126.0  7997.5 30265.6 36625.1  76062.3    75927
read      668.6  1539.7    63.8   119.9   153.2   354.3   444.4   514.2   584.7   698.4  1092.0  2141.6  6081.7 26008.2 36458.2  69025.8    69132
read      580.7  1235.5    63.8   103.7   124.5   315.0   414.9   485.8   555.7   719.8  1237.8  1827.2  4416.9 12036.9 35686.6  53020.0    53106
read      377.9   726.2    63.8    98.1   112.4   254.5   344.8   404.4   454.5   526.4   675.5   936.0  2493.9  7863.8 31590.7  35212.1    35191
read      318.3   630.6    63.8    98.2   113.4   236.8   310.1   362.8   406.5   463.8   541.7   674.7  1097.5  7825.6 31604.5  14108.0    14095
read      311.7   605.3    63.8   100.3   117.7   236.3   306.0   356.5   397.9   447.6   512.5   616.6   968.2  7520.0 30517.0  11663.9    11716
read      355.5   608.2    63.8    98.5   112.9   255.4   339.9   398.4   447.2   514.5   638.4   851.5  1685.6  6987.4 30423.1  28314.7    28411
read      669.1  1481.9    63.8   122.5   159.0   365.6   456.3   526.6   598.5   727.4  1141.7  2034.6  5941.4 20415.6 35882.7  68616.6    68609
read      569.5  1034.4    63.8   160.6   223.2   441.2   518.7   577.2   628.1   695.6   798.8   974.7  4522.5 12341.2 32257.3  96145.1    96132
read      524.7   848.5    59.1   149.1   204.3   429.3   510.5   566.3   611.7   675.8   777.2   952.8  2036.7  9493.4 31745.4  97613.5    97587
read      484.8  1009.0    63.8   101.5   119.3   289.7   386.4   449.1   504.0   595.6   841.8  1423.6  4415.6  9718.2 32093.7  47591.2    47541
read      744.4  1671.7    63.8   214.8   279.1   439.4   508.6   574.6   647.9   752.0   889.6  1596.4  8519.2 28662.4 36666.9  83946.9    84043
read      508.4  1062.7    63.8   101.9   118.8   289.7   393.2   465.2   535.0   683.6  1027.1  1526.5  4433.5 11128.3 32346.9  44777.2    44794
read      486.1   731.7    59.1   135.9   182.0   405.9   489.9   542.3   584.9   640.2   730.3   906.5  1789.8  9170.6 31054.8  97440.4    97226
read      521.3   982.8    63.8   105.6   125.9   307.8   406.9   480.6   548.6   679.6  1102.9  1647.5  4461.5  9700.4 32277.0  60595.4    60559
read      675.1  1502.9    63.8   192.3   251.9   412.9   490.2   550.4   616.5   709.1   830.4  1464.1  8169.0 20116.6 36291.7  90573.8    90573
read      588.1  1139.5    59.1   108.5   134.4   343.5   450.2   520.2   594.8   784.4  1342.3  1807.4  4585.9 12553.8 32339.5  65412.3    65375
read      703.6  1584.0    63.8   162.3   222.9   425.7   505.3   560.9   616.4   707.8   876.3  1640.8  8305.3 27039.0 36811.9  82614.2    82824
read      637.0  1355.7    63.8   134.8   178.1   378.0   464.5   528.4   591.3   690.9   889.0  1731.3  5662.5 14398.2 36399.1  79153.6    79053
read      497.6   740.1    63.8   104.4   126.6   309.1   400.0   468.5   537.2   691.7  1261.1  1725.3  2580.7  7883.3 28549.5  65210.7    65160
read      624.2  1183.1    59.1   133.4   177.3   370.8   459.5   541.4   628.0   763.3  1397.3  1762.1  4719.7 12534.7 32523.4  80097.8    80086
read      426.4   576.5    63.8    97.6   113.9   283.9   375.0   451.8   526.8   711.6  1016.2  1284.0  1803.2  5957.6 17311.8  40999.0    41102
read      646.4  1337.1    63.8   133.3   176.1   369.0   463.8   545.7   626.1   765.7  1328.9  1778.9  5176.8 15962.5 35126.7  77989.3    78111
read      669.5  1505.1    63.8   198.9   260.6   422.7   493.0   547.9   611.7   703.9   825.5  1121.3  8220.1 21922.2 35878.7  90915.2    90919
read      686.1  1587.7    63.8   151.2   206.3   406.9   491.5   552.7   614.4   704.0   867.6  1600.6  8264.2 26341.7 36832.2  81788.6    81866
read      431.1   712.1    59.1    99.6   115.6   289.0   389.3   464.9   535.3   673.7   916.4  1179.0  2153.5  6417.7 31438.8  32417.3    32433
read      399.9   812.4    59.1    98.0   113.8   271.5   368.0   440.2   508.3   600.1   719.3   876.9  2505.7  9184.3 31891.0  19250.6    19286
read      435.9   619.8    63.8    98.7   115.5   287.6   383.7   460.6   536.8   700.1  1013.4  1299.6  1978.2  5869.9 21173.7  41173.1    41229
read      404.7   679.6    63.8    97.4   112.9   275.1   370.4   446.4   513.3   641.4   836.9  1062.6  1880.1  6326.3 31293.6  29497.5    29427
read      480.6   719.9    63.8   100.5   119.7   302.2   403.1   479.6   556.2   723.5  1121.3  1527.5  2801.1  6247.8 29381.7  50945.0    50920
read      563.2   980.7    59.1   107.8   133.6   333.5   437.8   518.8   602.7   840.0  1392.1  1784.9  4136.9  9214.7 32162.2  64589.1    64490
read      453.0   709.4    63.8    98.9   115.7   293.6   395.0   468.1   539.9   694.8  1008.2  1357.2  2370.4  6505.0 30730.1  41235.1    41293
read      457.4   655.6    63.8    99.3   117.1   291.9   388.7   464.5   538.9   714.0  1116.4  1510.5  2174.3  5633.3 29862.9  54017.4    54000
read      519.6   686.6    63.8   104.8   129.1   327.8   429.6   507.4   594.7   853.8  1360.5  1718.2  2583.3  5370.7 25404.9  58298.5    58496
read      606.2  1235.7    63.8   163.7   229.1   428.0   502.4   555.9   606.1   685.3   816.3  1071.7  5067.1 13227.4 32631.7  93132.5    93283
read      442.4   790.1    59.1   117.7   150.3   351.5   429.9   479.6   521.1   577.4   662.3   828.9  2285.6  9886.1 31659.5  91115.9    91002
read      482.9   881.5    59.1   102.3   121.3   310.1   407.1   482.9   554.8   707.5  1054.4  1434.4  2692.3  9416.0 31949.5  45243.1    45229
read      424.1   551.6    59.1   120.9   153.5   363.7   447.1   497.8   537.7   589.5   669.9   823.3  1462.5  7872.8 27281.2  96043.8    95963
read      429.0  1041.6    63.8   101.3   119.1   273.7   382.7   462.6   527.1   606.6   708.5   875.9  2988.7 12149.0 35505.9  14783.9    14789
read      521.6  1079.8    63.8   118.6   153.1   366.1   448.8   503.0   548.7   616.6   727.0  1040.6  4660.8 12528.4 32368.6  79216.4    79130
read      395.9   688.8    63.8   100.0   114.9   267.4   368.1   440.6   501.0   587.3   741.7   998.3  2355.7  7429.1 30430.8  34116.9    34067
read      364.4   625.8    63.8    98.5   112.9   257.1   343.2   407.1   468.4   549.2   675.5   863.5  1922.7  6306.9 26551.1  26581.8    26565
read      360.3   580.9    63.8    98.6   113.3   257.3   345.8   413.0   488.0   580.1   697.0   866.4  1399.3  5642.8 30730.2  20893.3    20877
read      594.5  1253.7    63.8   129.5   170.6   392.7   483.4   544.3   595.7   675.6   822.5  1479.5  5030.9 16683.1 35275.9  77323.6    77258
read      433.4   515.4    63.8   126.8   163.7   382.2   468.2   517.0   554.0   601.0   676.2   842.7  1243.9  5522.3 17911.5  99791.7    99767
read      307.7   794.1    63.8   108.9   129.3   230.5   285.0   318.8   346.8   382.7   432.1   526.8  1494.6 10719.9 32273.6   8832.3     8830
read      565.8  1081.1    59.1   111.9   137.9   348.6   443.8   514.3   591.8   754.3  1186.5  1737.1  4720.9 12294.8 32469.9  58498.0    58449
read      510.1   833.3    59.1   106.2   129.9   327.3   426.2   497.9   566.5   720.3  1072.6  1611.3  2987.6  8868.2 31048.0  58406.2    58468
read      422.4   547.9    63.8   118.9   152.5   358.8   444.2   497.0   538.2   590.9   671.5   811.3  1432.9  7744.3 18414.3  96003.4    95958
read      416.1   854.0    63.8    99.3   114.8   272.5   364.9   431.2   497.5   615.2   832.7  1067.1  2234.1 12041.0 31894.9  32412.0    32473
read      403.5   724.4    63.8   100.1   115.3   268.4   361.7   428.7   492.9   603.7   829.3  1078.7  1938.8  9051.1 31130.3  33244.3    33238
read      530.7   975.6    63.8   112.3   140.2   340.4   431.6   494.2   550.8   658.2   948.5  1580.6  4678.1 10463.2 31929.0  68062.3    68093
read      509.8   846.4    59.1   109.6   134.8   324.7   415.9   482.4   545.7   659.5  1016.5  1622.0  3584.6  8192.5 31532.7  67517.9    67553
read      341.8   483.0    63.8    98.4   112.7   250.8   335.5   393.4   444.5   523.1   658.8   881.2  1331.0  5073.6 15025.3  27320.1    27313
read      500.2   784.4    63.8   104.9   125.2   317.5   419.5   504.8   597.9   860.6  1163.4  1495.7  2549.4  8483.0 31303.7  44448.9    44308
read      497.3   852.8    63.8   124.3   162.9   385.5   469.5   526.5   574.2   640.7   748.6   950.4  3467.1  9268.1 31779.1  88102.5    88120
read      520.9   850.3    59.1   107.6   132.1   327.8   425.5   500.0   576.3   754.2  1199.3  1611.0  3179.6  8208.0 31688.9  59817.1    59843
read      388.5   711.7    63.8    98.3   113.1   258.7   348.7   418.3   486.7   600.4   754.5   993.7  2153.8  8136.3 31197.2  24727.3    24822
read      530.2  1074.2    59.1   118.9   154.7   361.8   442.0   498.3   547.3   625.3   754.2  1315.5  5013.5 12859.8 32287.8  79409.6    79411
read      428.4   506.7    59.1   120.8   155.7   370.7   460.0   514.7   554.7   602.8   675.4   837.1  1331.5  6413.1 19344.1  96275.7    96192
read      555.3  1105.5    63.8   117.7   150.8   358.6   450.2   512.8   570.4   663.7   902.8  1546.0  5039.3 12452.4 32490.6  71569.5    71509
read      359.7  1091.9    68.9   108.1   129.8   244.1   316.1   363.5   398.5   442.1   505.0   615.0  2080.2 19409.9 32302.3   8974.2     8976
read      513.2   868.7    63.8   107.0   129.8   323.5   418.8   488.8   557.5   708.3  1159.5  1583.7  3264.3  9291.1 31026.0  56691.6    56768
read      433.7   828.4    63.8   104.1   120.1   274.0   372.8   449.4   526.4   658.6   859.5  1186.8  2858.9  8965.9 31839.2  27501.6    27465
read      418.1   864.4    63.8   101.1   116.6   269.5   362.6   432.9   501.5   621.0   813.8  1089.3  2473.7  9260.5 32413.1  27951.7    27940
read      456.0   895.3    63.8   102.3   119.3   289.9   383.9   459.5   542.6   728.8   959.3  1215.3  2807.9  9898.9 31990.4  29731.3    29743
read      513.1   855.3    63.8   103.6   123.8   312.4   412.0   508.6   664.2   971.2  1209.7  1428.5  2868.1  9027.3 31529.2  37955.1    38082
read      506.5   996.6    59.1   110.5   136.3   342.0   435.4   496.6   546.5   622.0   796.2  1428.6  3547.1 12219.6 32258.3  59033.5    58883
read      481.8   521.1    63.8   104.6   126.0   318.6   413.2   502.1   640.2  1004.4  1232.4  1435.0  1844.5  4835.6 11446.1  38316.3    38366
read      482.8   830.4    59.1   117.5   152.3   371.3   456.7   512.8   561.4   625.5   727.9  1004.4  2670.5  9416.3 31601.1  84165.5    84257
read      458.8  1113.8    63.8   102.2   122.1   288.7   384.6   458.3   534.7   661.7   818.1  1027.2  2891.1 15017.1 32251.0  19431.9    19468
read      495.3   853.7    59.1   109.8   136.8   347.0   440.0   499.5   548.5   628.0   805.4  1521.1  2756.3  9751.5 32114.1  62767.6    62758
read      426.6   604.9    59.1   115.2   145.9   352.3   432.4   481.3   522.2   578.8   665.5   844.9  1802.5  8313.9 28895.8  88757.5    88718
read      465.9   813.0    59.1   106.6   130.6   325.0   413.0   470.3   523.7   603.4   818.1  1428.6  2359.9  9730.4 31481.2  52067.8    52134
read      491.4   725.5    59.1   102.9   124.2   311.9   402.6   478.0   566.5   858.0  1276.9  1564.3  2066.7  8500.1 30279.3  46864.2    46784
read      423.1   669.4    59.1   114.9   145.5   351.8   427.9   472.6   510.9   565.1   649.9   819.5  1731.5  8474.7 30407.6  90920.4    90925
read      435.8   714.3    59.1   114.6   145.2   348.3   425.9   474.7   515.5   573.7   660.6   841.8  2023.6  8636.7 31157.2  88712.6    88744
read      443.9   527.3    59.1   127.0   165.7   391.1   480.6   531.7   569.9   617.2   689.3   867.2  1391.5  5559.4 25065.1  99152.6    99159
read      472.6   715.6    63.8   101.8   122.0   305.1   397.0   466.0   537.0   714.8  1179.8  1530.4  2030.3  8428.5 30502.3  48479.6    48553
read      414.2   489.3    59.1   118.7   151.9   356.7   444.2   499.1   539.5   586.6   653.6   808.4  1458.9  5739.8 19052.9  99652.9    99849
read      491.9  1064.6    59.1   108.0   133.8   334.1   422.2   476.8   522.7   587.9   712.2  1253.3  3721.9 12821.9 35024.6  64390.2    64120
read      403.1   501.5    59.1   114.4   144.0   341.7   423.5   473.7   516.6   571.9   646.7   795.5  1632.5  5612.5 18615.7  93346.4    93158
read      477.5  1030.9    54.7   114.2   146.0   358.0   432.1   481.2   523.9   585.2   683.8   865.2  3118.0 12699.7 32427.9  83039.4    82964
read      464.2   681.2    59.1   101.3   122.0   306.7   397.7   461.2   522.7   650.3  1118.4  1539.7  2128.1  6215.6 29667.8  49010.1    48902
read      523.8  1300.1    59.1   113.2   144.0   342.7   420.3   474.5   522.2   588.4   685.0   990.0  5582.7 17293.4 36277.7  75856.4    75986
read      433.4   520.2    59.1   123.6   160.2   374.9   465.5   519.3   556.8   602.3   673.1   841.3  1486.6  6216.3 21822.9  98717.9    98843
read      440.0   648.3    59.1   104.1   126.8   314.4   400.9   458.3   506.0   578.2   739.3  1401.5  2170.2  6364.2 24753.3  55785.5    55771
read      442.4   772.0    59.1   114.2   146.3   355.1   431.2   480.5   523.4   584.1   672.9   852.6  1951.0  9319.0 31433.4  90033.3    90009
read      540.5  1228.0    59.1   116.8   152.8   374.5   457.4   510.8   556.8   625.0   733.0  1013.8  5106.2 13731.8 36664.4  79798.2    79870
read      283.8   400.6    63.8    97.1   111.1   232.0   298.4   341.0   372.8   413.4   469.6   570.6   841.9  4668.6 12727.5  17574.5    17518
read      495.4   971.6    59.1   108.0   133.6   337.0   430.4   488.5   536.4   606.1   760.2  1454.4  3198.9 10946.1 32506.0  59755.7    59785
read      403.0   514.4    59.1   113.3   142.5   344.3   426.5   474.7   512.5   563.6   638.4   787.3  1680.1  6109.7 25391.6  89670.1    89542
read      318.8   485.2    59.1    98.2   112.7   247.4   326.7   379.9   419.6   469.3   546.4   694.8  1368.3  4884.1 19901.7  24782.6    24762
read      261.8   369.8    63.8   104.7   122.2   218.8   268.9   300.8   325.7   359.2   400.5   470.5   735.1  4258.9 12594.6  10349.9    10279
read      404.3   585.8    63.8   113.6   142.9   338.4   414.5   460.4   497.7   548.7   632.7   785.7  1763.4  7352.2 29918.8  93198.9    93338
read      476.2   949.1    59.1   109.2   136.3   335.1   415.2   465.7   508.9   574.1   682.5  1138.4  3441.7 10926.4 31673.6  69900.2    70029
read      323.8   509.8    63.8   101.2   119.4   267.3   333.9   378.1   409.3   448.3   505.9   681.1  1064.6  5128.4 23994.8  21907.4    21928
read      388.4   459.1    59.1   107.0   130.5   323.2   407.1   455.8   493.3   541.8   613.6   768.7  1856.6  4613.2 14880.2  71305.2    71282
read      400.9   537.7    59.1   114.0   144.1   342.6   420.9   466.8   503.8   551.4   627.7   773.7  1731.2  5863.9 27955.9  91326.2    91371
read      379.2   490.0    59.1   105.7   129.0   317.8   397.4   444.3   480.5   527.8   597.0   731.7  1857.0  5727.9 15487.5  77443.2    77451
read      340.7   390.3    59.1   100.8   119.5   290.1   361.2   404.8   439.3   481.6   541.7   714.6  1287.7  3470.8 15472.1  31893.5    31910
read      377.7   458.5    63.8   104.8   127.1   316.9   398.5   444.3   478.9   524.2   588.8   721.4  1876.6  4926.5 14274.1  66845.7    66855
read      368.6   491.6    59.1   102.2   122.7   300.9   381.0   426.4   462.2   507.6   575.0   728.7  1862.9  4726.8 18088.6  62161.8    62236
read      376.9   477.0    59.1   102.9   124.7   312.8   395.5   440.8   475.9   521.1   586.0   729.3  1866.4  5211.0 14760.2  62102.5    62200
read      306.4   420.3    63.8   100.1   118.0   254.6   318.7   359.8   390.5   426.4   478.5   620.9  1018.8  4473.1 17499.7  18055.4    18139
read      341.3   307.6    59.1   103.7   124.2   301.2   378.8   423.4   456.8   498.0   553.3   658.2  1339.9  2491.8 10735.2  49884.9    50002
read      504.4   837.7    59.1   107.7   131.9   327.3   429.7   501.4   572.0   710.9  1059.8  1671.9  2721.1  5495.8 32131.2  34015.6    33967
read      380.6   420.3    59.1   105.7   128.1   315.8   396.2   442.9   478.6   524.0   589.9   760.8  1904.3  3435.0 11690.3  55910.4    56007
read      333.1   233.4    59.1   103.9   125.1   306.1   383.4   428.4   461.3   501.9   556.2   646.1   876.4  1801.2  7996.3  69027.7    69016
read      340.4   224.9    59.1   108.9   132.9   313.5   387.6   431.1   464.8   507.9   569.8   671.4   886.6  1428.0  7774.1  94054.5    94181
read      344.4   231.3    59.1   109.6   133.9   317.5   392.6   435.9   469.3   512.8   575.4   677.8   899.6  1756.7  7504.4  93400.0    93479
read      332.2   238.8    59.1   103.2   124.5   305.3   383.5   427.8   460.3   500.0   550.8   639.0   875.6  1808.1  7280.4  61833.5    61836
read      333.2   232.8    59.1   102.9   123.9   306.6   383.2   427.8   461.2   502.7   560.3   653.8   877.0  1704.9  7597.0  74798.6    74786
read      328.0   238.4    54.7   102.9   123.8   301.0   377.1   422.4   455.0   495.4   547.9   635.0   857.8  1599.8  8120.0  69413.8    69211
read      325.4   230.0    59.1   103.1   123.4   299.7   374.4   418.1   449.8   488.4   539.2   626.0   863.8  1616.8  6442.5  48623.4    48757
read      247.7   236.5    63.8   113.8   134.5   224.7   264.1   286.7   303.5   323.7   353.7   415.8   620.1  2720.2 11221.7   8497.1     8528
read      329.8   231.8    59.1   111.6   135.1   302.4   376.8   420.6   451.6   488.2   536.7   618.1   859.7  1781.8  6819.9  28917.8    28816
read      324.1   290.8    63.8   109.4   131.8   295.5   367.4   409.5   440.5   476.4   525.2   603.7   838.9  2267.5  8960.8  28545.5    28591
read      342.3   271.1    59.1   107.8   130.5   314.6   395.2   440.4   471.6   510.6   563.4   649.0   880.4  1905.8  9882.8  47336.0    47212
read      330.6   226.4    59.1   103.7   124.8   304.3   381.3   425.8   458.6   499.2   552.1   640.9   863.3  1621.7  6787.1  66190.2    66158
read      327.8   270.6    59.1   102.9   123.5   299.5   373.5   418.3   450.5   489.0   539.9   628.5   893.6  1843.3 11462.5  41242.3    41185
read      333.1   253.8    59.1   105.5   126.8   308.0   385.7   429.5   461.5   500.4   550.2   634.9   850.5  1716.8  9603.7  49824.5    49840
read      331.5   228.7    59.1   104.7   126.0   305.2   382.9   427.9   460.6   500.5   552.9   638.6   853.9  1640.7  7906.2  65318.4    65448
read      339.5   229.5    59.1   106.9   129.9   312.3   387.1   431.3   465.2   508.4   570.7   670.9   887.3  1943.0  6845.2  84284.9    84122
read      329.1   266.2    59.1   103.2   123.7   303.4   378.6   422.2   454.6   493.3   543.4   628.2   859.1  1807.6  8761.4  44798.0    44805
read      338.3   233.3    59.1   108.2   131.3   310.7   385.4   429.8   463.3   505.4   566.8   665.3   872.7  1642.7  8270.4  90163.2    90139
read      340.0   229.6    59.1   107.3   130.2   311.3   387.6   432.5   466.1   509.2   571.6   672.3   902.3  1921.1  7576.1  86206.1    86111
read      288.6   250.8    63.8   106.9   126.1   263.4   323.3   359.9   386.6   418.6   459.3   521.3   692.4  2324.5  8940.3  18720.5    18687
read      337.3   236.4    59.1   106.1   127.8   311.3   388.6   433.3   465.5   504.7   556.9   640.6   875.7  1999.7  6494.6  47676.1    47533
read      331.9   227.9    59.1   103.7   124.3   305.5   383.8   428.6   461.2   500.3   551.2   636.9   868.8  1720.4  7155.2  57413.2    57355
read      248.7   461.1    68.9   117.1   139.1   222.8   256.8   276.3   291.6   310.0   333.9   373.3   512.3  4521.6 21682.7   7276.1     7251
read      343.0   231.0    63.8   111.7   135.7   316.8   395.5   440.0   471.7   509.7   557.8   638.4   865.0  2196.1  7886.6  34769.7    34878
read      333.6   226.5    59.1   104.7   126.0   306.3   384.1   428.9   462.2   503.3   558.0   646.1   869.5  1882.6  7646.7  70884.9    70901
read      333.7   227.6    54.7   104.8   125.6   307.2   385.3   429.9   462.8   502.6   554.0   638.9   870.6  1834.4  6657.0  51104.9    51104
read      310.1   245.9    59.1   103.6   123.1   284.7   350.5   391.7   423.5   460.2   506.0   579.3   768.7  2286.4  7987.0  28027.7    28024
read      290.0   250.5    63.8   103.7   122.4   264.6   325.5   363.2   390.9   424.6   466.3   532.4   729.5  2430.1  7532.5  21013.3    20957
read      239.2   244.4    63.8   113.9   135.0   221.4   256.3   276.3   291.7   309.8   333.1   370.9   486.6  3880.6 10078.7   7606.6     7646
read      326.2   275.5    63.8   111.6   135.0   298.5   369.9   412.4   444.4   483.0   529.7   606.4   830.3  1827.0  8744.2  26637.7    26697
read      346.1   236.4    63.8   110.2   133.6   319.5   401.8   447.9   481.1   519.9   571.1   652.7   882.8  1707.7  8718.8  43769.0    43775
read      338.8   236.5    59.1   103.8   125.6   311.9   388.8   432.7   466.2   508.0   567.8   663.8   891.1  1989.4  7585.6  75854.3    75824
read      331.3   237.7    59.1   104.1   125.0   306.9   382.8   425.8   458.8   498.2   548.3   630.9   853.5  1676.7  8074.2  47723.2    47769
read      313.3   212.8    59.1   102.7   122.6   289.6   358.3   399.2   430.9   469.0   516.1   593.6   813.9  1347.5  6284.6  33531.8    33413
read      327.1   251.9    59.1   103.5   123.7   300.1   375.9   419.4   452.5   492.2   542.5   626.0   865.4  1736.5  7603.6  52106.2    52072
read      322.0   228.7    59.1   103.3   123.6   296.6   368.9   411.1   443.5   483.5   533.1   616.3   848.7  1551.5  7323.4  41388.0    41418
read      330.7   223.2    54.7   102.6   123.4   303.5   379.4   424.1   458.8   501.2   557.0   646.8   872.1  1711.5  6363.7  72459.4    72342
read      319.4   207.1    59.1   103.4   123.4   295.4   366.3   407.7   440.6   480.5   530.4   610.4   845.9  1532.7  6836.5  40643.2    40636
read      314.9   259.1    59.1   103.6   122.9   288.6   357.2   398.1   429.6   468.7   516.7   594.3   823.6  1846.9  8678.4  35186.9    35219
read      345.7   224.1    59.1   112.2   137.2   317.0   392.0   437.0   472.3   517.2   579.2   680.7   911.7  1383.3  6198.6  99485.7    99437
read      336.6   223.2    59.1   106.1   127.5   308.7   386.2   431.5   466.3   508.4   568.2   662.7   879.7  1745.4  5878.8  77043.2    76985
read      335.2   219.5    59.1   105.0   126.5   307.7   385.2   430.6   465.4   507.1   564.1   654.9   873.5  1856.6  6037.7  72005.1    71981
read      330.6   227.8    59.1   104.2   125.1   303.6   381.0   424.9   458.9   499.7   550.7   636.1   865.1  1681.1  6422.5  51100.2    51196
read      335.0   217.8    59.1   105.5   126.8   309.3   387.8   432.5   467.0   506.9   558.8   641.8   870.2  1610.1  5908.7  54665.7    54676
read      295.2   251.6    63.8   103.0   121.6   267.9   332.0   371.7   400.7   435.0   481.5   551.7   754.1  1747.4  9977.2  22089.5    22050
read      319.4   209.2    59.1   104.4   124.7   295.1   365.6   407.3   440.0   479.9   529.0   606.8   821.8  1534.2  5658.9  34381.7    34334
read      334.7   277.6    59.1   104.8   126.0   306.3   384.8   430.1   464.3   505.0   557.0   640.0   871.8  1857.5  9531.3  59353.2    59267
read      321.2   200.9    59.1   103.9   123.9   297.0   369.0   412.0   444.3   482.6   532.7   613.7   831.2  1514.6  4981.3  37278.0    37271
read      284.5   275.8    59.1   102.5   120.6   257.0   318.4   356.0   382.8   414.6   456.5   526.5   728.3  2040.2  8767.8  19069.0    19083
read      326.2   214.6    59.1   104.0   124.7   302.7   377.7   420.3   452.3   491.2   540.5   620.3   837.3  1579.4  6304.3  44177.0    44289
read      335.2   249.1    59.1   105.3   126.9   308.4   387.0   431.3   464.9   505.9   558.3   640.4   862.6  1734.5  9005.8  56789.9    56771
read      335.5   249.3    59.1   105.0   126.4   306.9   383.4   428.3   463.0   506.0   564.3   658.5   884.5  1901.6  9492.4  76022.9    76028

Total QPS = 56384.5 (101492176 / 1800.0s)

Total connections = 64
Misses = 0 (0.0%)
Skipped TXs = 0 (0.0%)

RX 25068567472 bytes :   13.3 MB/s
TX          0 bytes :    0.0 MB/s
Warning! Detected max cpu usage > 95%
CPU Usage Stats (avg/min/max): 99.97%,43.23%,100.00%