./mcperf -s 10.156.15.226 --loadonly && ./mcperf -s 10.156.15.226 -a 10.156.15.227 --noload -T 16 -C 4 -D 4 -Q 1000 -c 4 -t 1800 --qps_interval 5 --qps_min 5000 --qps_max 100000 --qps_seed 42
Random waveform, supplied seed
Total number of intervals = 360 (5031, 54838, 74868, 30015, 40743, 23648, 97712, 53672, 55395, 29425, 15173, 82475, 90555, 47944, 28313, 28504, 22886, 35717, 14828, 81704, 55771, 85226, 75020, 12441, 56208, 17446, 86943, 49138, 49839, 47752, 27181, 6170, 7187, 99387, 91970, 79658, 59230, 78081, 64242, 37702, 40686, 30376, 38416, 65892, 39560, 10016, 55224, 19982, 48114, 36283, 23315, 11150, 98724, 56880, 13467, 99368, 46206, 71651, 22741, 56654, 99570, 23047, 70008, 42943, 46704, 75970, 21917, 82027, 81583, 14259, 7821, 17727, 65559, 41133, 28693, 53141, 54512, 14835, 98446, 38117, 77994, 30209, 68315, 91940, 49308, 46880, 92540, 49396, 97841, 35404, 80451, 87228, 75554, 57964, 83546, 55468, 34203, 37629, 34577, 47426, 58845, 66993, 10977, 51529, 48344, 5902, 71602, 41886, 47456, 93939, 16890, 45689, 32790, 44044, 28149, 39739, 72475, 93882, 6692, 50406, 83055, 55609, 16968, 43031, 17236, 82183, 42212, 12244, 61777, 36984, 29093, 41715, 34838, 63574, 24401, 32025, 98971, 23657, 67877, 53849, 79536, 17081, 39024, 26125, 33388, 20979, 95865, 73949, 60987, 54175, 51484, 39771, 32864, 42033, 43808, 45785, 35582, 38504, 15320, 74264, 43890, 5962, 38365, 55971, 23217, 87681, 91728, 96668, 80475, 27150, 53444, 23737, 87776, 82175, 98548, 37704, 64701, 69089, 89785, 16676, 69604, 99682, 97693, 17381, 40069, 8841, 56576, 21599, 53003, 19831, 80340, 28765, 25572, 37071, 75819, 44359, 95960, 59630, 47930, 65545, 94038, 51806, 48712, 13115, 76569, 19372, 59331, 62597, 37702, 41975, 26100, 82500, 50756, 66696, 53364, 10413, 64876, 69079, 19447, 81182, 25265, 9699, 48659, 75126, 96559, 55885, 9039, 66378, 41225, 52371, 39873, 41176, 85357, 85391, 91890, 57558, 9972, 74636, 29773, 63494, 7201, 49507, 65454, 88537, 36982, 88964, 96479, 47883, 50650, 89242, 7374, 8507, 50676, 57069, 43520, 56720, 68155, 60444, 63997, 17315, 78596, 81548, 97254, 46135, 13379, 46993, 98274, 97056, 43434, 36406, 99121, 80708, 40517, 34168, 11754, 93304, 64697, 92626, 75618, 85805, 18930, 50153, 10377, 33112, 28777, 45709, 74458, 73596, 28031, 45754, 80138, 64350, 51870, 81106, 82064, 30534, 25449, 67525, 27070, 41133, 28009, 64235, 16387, 62388, 40199, 16884, 55763, 41925, 42341, 93577, 7657, 14232, 30107, 71078, 85372, 54930, 5750, 80137, 41449, 17301, 19930, 41776, 8596, 30870, 69978, 23908, 9848, 71598, 77156, 14083, 87786, 57205, 53142, 77998, 98830, 32447, 74382, 32271, 55273, 68152, 25419, 43187, 60608, 62150, 30864, 69566, 38183, 51253, 53027, 37133, 73413, 78811, 88317, 46504, 46147, 35073, 18693, 46834, 76427, 96007)
Average QPS expected = 51278
Timestamp start: 1621939699430
Timestamp end: 1621941500021

#type       avg     std     min      p5     p10     p50     p67     p75     p80     p85     p90     p95     p99    p999   p9999      QPS   target
read      442.7   631.4    93.8   178.6   217.4   385.4   444.6   480.2   507.2   544.1   594.6   685.0  1748.9  8616.4 18621.4   5013.6     5031
read      766.9  1830.4    74.4   143.8   172.5   406.6   521.0   599.4   675.4   795.5  1157.4  2744.5  7428.1 31156.9 37605.4  54597.6    54838
read      839.5  1883.3    74.4   223.0   290.8   496.9   591.2   683.3   779.0   912.0  1130.0  1973.9  8379.5 31245.1 38446.5  74939.2    74868
read      752.1  1590.3    80.4   131.6   154.5   402.6   548.9   653.6   767.8   992.7  1380.6  2894.3  5856.4 29697.1 36112.9  30061.4    30015
read      722.8  1589.0    80.4   132.7   155.7   402.2   537.6   631.5   718.5   866.2  1225.5  2716.9  5384.0 30460.2 37145.9  40814.2    40743
read      505.2   980.7    80.4   126.8   146.1   373.2   489.9   558.9   612.5   687.4   814.5  1057.5  3597.9 13751.4 35907.1  23662.8    23648
read      678.9   939.6    80.4   350.3   402.1   545.1   611.5   686.8   788.7   916.3  1020.7  1135.6  2251.2 10039.7 32376.2  97694.2    97712
read      778.3  1616.5    74.4   148.8   180.7   430.7   556.8   665.8   785.4  1042.3  1616.8  2430.5  5514.7 30493.7 37231.7  53589.4    53672
read      815.7  1777.0    80.4   151.8   188.6   448.2   576.1   690.5   809.4  1050.0  1606.8  2360.3  6482.6 31082.4 37220.7  55575.8    55395
read      556.1  1103.2    74.4   128.8   148.0   376.1   502.4   580.7   641.2   732.5   898.4  1269.7  4026.6 12712.7 32366.3  29475.0    29425
read      493.2   808.3    80.4   139.2   162.0   400.8   504.4   568.8   622.3   697.6   800.8   981.6  2450.5  9814.0 32011.8  15231.2    15173
read      645.9  1242.5    74.4   172.0   226.6   494.5   578.6   638.7   707.9   807.8   942.0  1137.3  4736.4 15458.6 36100.2  82351.0    82475
read      579.2   589.1    74.4   190.5   250.5   507.0   597.0   664.3   728.0   816.6   937.3  1118.9  1673.2  6824.5 29044.1  90481.8    90555
read      655.0  1173.0    80.4   139.2   164.6   407.7   539.0   644.7   753.4   973.1  1449.7  1935.4  3984.9 13881.5 32460.9  47834.0    47944
read      489.5   758.4    74.4   126.7   145.6   371.2   496.6   569.5   624.5   700.3   836.1  1093.0  3245.1  7163.3 31673.9  28472.2    28313
read      531.1  1029.6    74.4   125.9   145.2   372.3   491.9   565.0   619.6   693.2   834.0  1156.4  3985.2 13279.7 32231.2  28650.6    28504
read      462.1   760.2    80.4   127.8   147.0   379.0   487.6   550.6   598.5   658.4   752.8   948.6  1839.0  9645.9 32072.2  22877.8    22886
read      572.3  1187.9    80.4   125.8   145.2   368.6   493.7   570.4   629.8   714.5   865.8  1352.7  4195.8 16790.2 35803.7  35802.6    35717
read      459.1   782.2    80.4   133.4   155.8   377.0   469.0   527.2   572.8   634.0   735.1   909.2  1680.0 11805.8 31668.4  14919.2    14828
read      553.3   998.8    74.4   151.4   190.5   448.1   535.7   588.6   639.8   723.1   849.3  1051.9  2502.5 13293.4 32372.9  81591.4    81704
read      821.7  1950.5    74.4   146.2   180.1   431.7   550.2   654.2   757.1   927.2  1480.4  2410.0  8299.1 31423.4 39411.7  55525.8    55771
read      818.2  1793.4    80.4   315.8   366.1   522.3   608.7   688.1   780.8   883.4  1010.4  1314.7  8260.5 31171.3 37915.0  85091.4    85226
read      876.5  2042.4    80.4   258.2   323.1   501.8   594.2   689.3   783.9   899.0  1074.3  1907.9  8701.8 31668.3 38539.6  74855.6    75020
read      507.9  1052.3    80.4   137.0   161.0   372.5   455.0   508.0   553.3   611.5   711.3   930.9  3946.9 13225.4 35844.5  12421.0    12441
read      874.1  2153.2    74.4   150.9   189.1   430.5   543.2   632.1   725.9   873.6  1460.9  3378.1  8368.4 31781.3 38881.1  56170.2    56208
read      476.2   778.3    80.4   131.7   153.0   379.2   479.2   542.8   593.1   665.9   776.7   967.4  2799.3  7872.0 31418.5  17440.8    17446
read      520.6   813.7    74.4   154.9   194.3   431.5   521.1   575.6   622.9   693.5   804.8   995.0  2308.6  9173.9 32296.2  86763.0    86943
read      768.4  1668.4    74.4   137.1   164.0   411.7   543.3   653.8   773.2  1052.9  1569.1  2213.2  6164.0 30732.6 37228.8  49132.4    49138
read      743.8  1602.4    74.4   136.0   161.6   409.9   541.1   645.7   761.2  1028.0  1555.6  2145.5  5549.7 30508.0 37471.9  49846.4    49839
read      785.2  1930.5    74.4   135.8   161.7   409.1   530.4   620.0   709.9   873.2  1343.4  2667.9  6745.6 31266.1 37392.2  47880.8    47752
read      495.8   849.2    74.4   125.7   145.1   368.8   490.8   568.0   625.5   713.8   885.1  1163.6  2810.6  8076.6 31939.8  27099.8    27181
read      439.6  1150.6    86.8   157.7   184.2   334.1   390.5   424.2   450.7   483.7   530.1   623.2  2920.2 19778.0 35766.1   6178.2     6170
read      411.0   601.5    86.8   156.2   185.7   358.2   424.7   464.8   496.5   535.0   583.8   680.9  1342.8  7859.4 29863.4   7128.2     7187
read      677.6   841.7    74.4   330.1   407.0   565.4   625.3   683.4   767.9   920.1  1054.7  1170.2  1738.2 10627.6 32240.8  99175.8    99387
read      667.7   656.4    80.4   364.5   412.5   569.0   637.2   706.9   788.9   905.2  1036.1  1172.0  1613.1  9066.4 31063.4  91911.0    91970
read      581.6  1065.7    74.4   149.4   187.6   439.6   535.1   595.8   652.2   734.6   863.7  1178.4  3558.6 12409.9 32392.3  79661.4    79658
read      643.3  1395.7    74.4   140.7   171.6   417.4   522.5   599.4   671.2   778.6   989.3  1695.9  4519.1 25879.5 37417.5  59353.0    59230
read      846.1  1995.5    80.4   251.3   319.6   506.8   590.6   666.0   747.0   855.2   996.7  1391.7  8582.5 31775.6 37667.3  78054.4    78081
read      867.7  2002.5    80.4   170.4   222.3   453.4   575.5   684.5   793.6   994.6  1627.4  2404.7  8301.3 31586.4 40103.8  64002.2    64242
read      620.0  1285.8    74.4   127.1   147.1   375.0   499.7   586.2   662.2   791.9  1086.2  1706.3  4345.0 23953.0 32447.6  37756.0    37702
read      649.4  1341.8    74.4   129.1   149.7   380.0   507.9   607.8   704.8   903.9  1324.6  1840.2  4372.6 27213.0 36225.3  40790.0    40686
read      534.5  1124.3    74.4   125.8   145.4   373.7   495.9   572.3   628.2   710.5   871.5  1200.1  4013.6 18208.2 36249.9  30404.0    30376
read      638.8  1485.5    80.4   128.1   148.3   371.0   495.9   574.1   638.1   735.8   942.3  1729.0  4395.7 29911.9 37596.2  38292.6    38416
read      915.4  2253.5    74.4   187.2   248.9   464.4   571.8   668.2   763.9   879.0  1215.5  2879.9  8939.5 31962.7 38377.3  65862.6    65892
read      615.9  1384.4    74.4   128.3   148.1   371.1   494.6   581.6   655.2   772.1  1037.5  1641.8  4373.6 24409.6 39096.3  39652.6    39560
read      445.7   872.2    86.8   144.3   169.5   370.6   444.6   490.6   526.5   571.9   634.5   773.5  2324.6  9121.2 41514.2  10011.8    10016
read      853.7  2048.1    74.4   150.7   186.6   436.9   552.5   651.3   752.7   935.1  1543.5  2860.2  8130.7 31668.7 39443.1  55119.0    55224
read      521.3  1002.9    80.4   127.9   148.7   369.8   480.2   549.2   606.7   701.1   869.3  1108.2  3962.3 12435.6 32251.4  20114.4    19982
read      670.4  1592.7    68.9   129.7   152.7   384.9   499.0   582.9   657.6   772.5  1072.7  1867.9  5209.1 30294.7 37625.7  48166.8    48114
read      553.5  1098.4    74.4   123.0   142.4   361.9   481.8   565.0   630.4   727.0   951.1  1436.4  4225.3  9751.0 32292.8  36254.2    36283
read      430.1   642.6    74.4   123.0   142.4   355.6   459.7   521.4   567.1   625.0   719.4   915.4  1397.5  6736.8 31542.7  23333.4    23315
read      443.5   900.5    80.4   138.1   163.5   358.4   435.1   483.7   521.3   566.7   635.2   780.5  2094.2 13193.5 32138.4  11125.2    11150
read      608.7   731.2    74.4   262.7   337.6   522.5   585.6   642.6   718.2   831.7   957.8  1079.7  1477.2  8534.5 31944.1  98676.4    98724
read      769.9  1856.2    74.4   143.5   175.7   417.3   528.6   617.3   706.9   865.2  1427.0  2153.4  6433.4 31281.7 37311.1  56911.4    56880
read      492.3   983.4    80.4   135.1   157.9   364.8   452.1   504.5   547.6   606.5   702.1   911.0  3931.1 12834.5 31921.5  13510.0    13467
read      536.1   632.1    74.4   186.2   244.3   467.7   545.0   598.7   651.8   732.9   840.9   997.5  1479.1  7127.5 31298.5  99404.0    99368
read      689.1  1633.6    74.4   129.8   153.2   382.9   496.3   583.2   663.1   793.7  1190.2  1916.8  5823.6 30231.2 40052.5  46237.6    46206
read      897.7  2288.1    80.4   202.4   270.7   471.3   563.5   637.1   718.1   818.7   992.9  2396.8  9341.2 31978.0 37880.6  71582.4    71651
read      520.5   960.3    80.4   126.0   146.4   373.1   486.3   555.1   612.8   695.5   852.4  1133.9  4083.7  8674.6 31932.6  22768.8    22741
read      819.1  1916.4    74.4   146.5   180.6   423.9   538.0   639.0   760.2  1021.5  1623.8  2401.7  7029.0 31471.9 39710.3  56647.2    56654
read      687.7  1121.0    80.4   364.1   400.5   525.6   584.7   651.6   772.2   880.7   983.1  1098.5  4565.1 12811.4 36034.6  99671.0    99570
read      571.1  1275.5    74.4   128.5   148.8   374.5   489.6   561.6   621.7   713.9   890.8  1259.4  4254.5 24728.6 36656.0  22934.2    23047
read      830.4  2093.8    68.9   171.2   227.6   446.5   545.1   632.4   715.5   825.1  1069.7  1991.0  8784.3 31693.3 39849.8  69953.0    70008
read      627.6  1311.2    74.4   125.9   146.5   367.9   486.4   571.3   652.2   793.6  1198.3  1807.6  4381.8 24455.5 32428.4  42823.6    42943
read      820.5  1729.4    74.4   136.1   163.5   421.0   571.4   724.7   977.3  1422.1  1717.3  2221.7  6643.3 30935.2 37214.8  46701.4    46704
read      885.4  2037.7    80.4   265.3   333.5   523.5   606.8   687.0   774.7   899.0  1070.4  1858.6  8650.4 31631.4 37377.7  75738.0    75970
read      530.0  1080.1    74.4   129.5   149.9   374.9   488.3   554.5   609.1   685.7   834.2  1128.5  4108.2 12694.5 36536.3  21956.8    21917
read      611.2  1320.0    74.4   153.8   199.3   448.8   531.3   585.3   638.6   733.6   861.2  1094.5  4529.1 23906.4 36121.4  81999.8    82027
read      630.8  1392.1    74.4   156.2   205.1   443.3   535.3   599.3   661.4   753.4   892.7  1308.3  4211.0 21005.0 37467.9  81668.4    81583
read      492.5   954.1    80.4   135.5   159.0   377.4   476.9   537.0   586.1   659.1   764.8   956.3  3306.5  9220.2 35709.0  14266.4    14259
read      476.4   841.7    86.8   152.1   184.6   390.9   481.9   532.5   568.9   613.6   680.5   807.3  2630.8  9094.0 32050.1   7936.2     7821
read      487.9   970.7    80.4   129.5   150.9   364.5   466.1   526.0   574.1   640.1   756.3   986.6  3258.5 15761.8 32437.5  17656.2    17727
read      836.7  2063.3    74.4   162.0   209.5   439.1   544.8   630.7   709.3   819.3  1076.8  2565.7  8595.5 31678.2 38814.9  65525.2    65559
read      572.6  1183.9    74.4   124.1   143.1   358.1   473.7   549.3   616.7   716.4   946.8  1535.4  4319.8 12220.8 32313.8  41140.2    41133
read      475.4   896.0    74.4   121.4   140.2   354.4   466.2   535.1   586.6   656.6   775.5  1069.4  3025.1  7570.1 36414.4  28831.6    28693
read      824.0  2127.7    74.4   140.1   170.2   414.1   525.9   603.2   674.8   797.5  1150.1  3427.7  8416.2 31668.3 38365.1  53217.2    53141
read      720.1  1677.5    74.4   136.0   163.0   394.8   502.8   585.4   671.3   831.4  1314.1  2179.0  5548.0 30639.9 37819.0  54672.6    54512
read      429.8   692.1    80.4   130.8   153.1   357.2   444.6   495.4   534.8   586.3   671.3   841.4  2052.7  6542.1 31892.3  14918.0    14835
read      587.5   753.3    74.4   236.1   304.5   495.6   571.1   634.0   703.4   795.4   901.9  1040.3  1550.9  9407.8 32170.9  98587.8    98446
read      558.4  1282.4    74.4   121.3   140.1   358.0   475.0   548.7   609.3   691.6   858.9  1355.6  4334.3 19385.8 35252.0  38208.4    38117
read      608.3  1370.0    68.9   147.5   186.1   435.3   522.3   581.5   637.9   726.3   851.7  1115.6  4633.2 21007.0 37492.6  77789.4    77994
read      492.0   977.0    74.4   120.6   139.3   352.2   467.1   535.0   587.4   656.4   771.1  1066.0  4101.4  8484.8 32518.4  30259.6    30209
read      651.5  1490.1    74.4   141.2   175.8   429.5   521.7   591.2   658.0   750.3   888.9  1575.3  5251.7 29305.0 37099.2  68340.8    68315
read      562.4  1069.8    74.4   165.0   215.8   456.1   534.8   586.0   635.2   715.6   831.3   996.1  2124.2 16810.8 32375.8  91690.8    91940
read      737.7  1726.1    74.4   134.5   161.0   395.0   509.4   600.5   689.9   861.1  1388.9  2190.6  6366.4 31012.4 37506.3  49418.4    49308
read      669.8  1546.8    74.4   129.0   151.4   374.8   488.5   571.0   647.5   784.0  1213.8  2006.2  4725.4 30817.0 36459.8  46982.8    46880
read      790.1  1800.6    80.4   350.8   382.7   524.8   586.5   646.4   748.7   854.0   983.1  1125.7  8458.1 31183.8 39758.9  92368.6    92540
read      602.7   993.7    74.4   132.1   154.9   374.9   488.1   588.1   706.9  1036.6  1492.6  1844.6  2775.2 11653.8 33199.4  49481.0    49396
read      559.2   737.1    74.4   188.6   251.3   479.9   556.5   611.2   667.5   752.0   864.8  1030.9  1665.3  9295.4 31859.8  97853.4    97841
read      539.7  1164.3    74.4   120.9   140.3   352.6   466.5   538.1   594.6   675.7   823.1  1270.7  4286.9 10841.3 36967.8  35300.6    35404
read      710.0  1434.5    74.4   187.5   256.9   486.9   564.9   631.5   718.7   843.7  1008.6  1606.6  5431.1 28227.7 37381.3  80414.0    80451
read      550.6   893.7    74.4   157.5   204.2   456.4   535.4   584.9   632.3   709.5   829.0  1030.0  2636.3 11080.1 32182.9  87117.8    87228
read      757.6  1650.4    74.4   179.3   239.6   458.1   555.3   646.1   741.7   867.8  1209.0  1875.1  6666.1 30466.9 37769.7  75362.2    75554
read      704.2  1231.5    74.4   143.3   175.2   402.7   531.4   658.0   821.5  1287.7  1642.4  2099.1  4285.1 14031.8 35483.2  58155.2    57964
read      736.2  1526.6    74.4   234.7   305.7   508.0   591.5   663.0   739.4   849.2   991.8  1299.0  6552.8 30287.1 37375.6  83528.6    83546
read      662.2  1197.5    74.4   140.4   167.6   393.2   508.1   609.9   728.0  1012.2  1496.6  2038.0  4238.2 12342.2 36228.6  55675.6    55468
read      595.6  1555.1    74.4   122.7   142.3   362.4   481.7   555.9   616.1   699.1   866.1  1271.1  4725.6 30111.0 36687.3  34223.0    34203
read      574.7  1310.1    74.4   123.2   142.7   356.5   473.5   549.5   612.6   702.1   907.4  1449.2  4360.5 24518.8 37845.6  37678.4    37629
read      515.5  1121.5    68.9   120.2   138.3   345.5   463.9   537.0   593.4   669.8   814.0  1174.9  4220.6 12739.4 35526.6  34580.0    34577
read      680.8  1459.6    74.4   129.0   152.2   378.5   494.0   583.6   675.8   863.9  1448.8  2027.0  5219.5 28487.2 37116.0  47426.8    47426
read      766.1  1411.1    74.4   149.8   187.0   425.8   554.0   692.4   875.5  1385.2  1710.4  2254.8  4673.9 26781.8 36035.2  58708.0    58845
read      932.2  2395.5    74.4   189.8   250.5   465.8   568.5   645.0   728.1   844.9  1079.6  3092.4  9618.4 32145.2 37789.0  66965.8    66993
read      437.9   744.6    80.4   138.5   163.1   361.5   444.8   494.7   533.5   585.3   658.5   802.1  2084.8  7767.2 31989.3  10884.4    10977
read      664.9  1350.8    74.4   130.3   153.7   385.1   502.5   595.0   702.1   967.3  1461.7  1921.6  4739.6 27918.6 35155.3  51544.6    51529
read      693.5  1646.7    68.9   130.2   153.9   375.2   487.7   567.7   643.3   791.5  1201.3  2097.8  5392.7 30789.7 37265.2  48357.6    48344
read      408.3   892.7    86.8   157.2   182.6   329.8   390.7   427.0   454.4   487.2   530.6   609.2  1885.4 16465.1 35863.6   5900.6     5902
read      815.1  1805.8    74.4   192.8   256.8   479.4   591.4   692.0   783.9   916.4  1283.3  1987.0  7912.6 31169.6 37858.3  71269.6    71602
read      663.8  1493.2    74.4   130.4   152.5   384.8   507.9   596.5   682.5   828.6  1189.4  1818.8  4716.2 30144.3 37109.3  42011.0    41886
read      682.4  1459.2    74.4   130.0   153.4   387.4   510.1   608.5   709.3   925.5  1411.5  1917.5  4708.8 29370.1 37164.9  47607.0    47456
read      659.6  1018.4    80.4   265.2   347.8   527.9   588.9   644.6   736.0   858.1   990.8  1136.1  3089.3  9879.0 35768.0  93900.4    93939
read      452.0   738.0    74.4   130.3   151.3   364.0   458.5   513.9   555.8   613.3   708.1   914.8  2440.5  7199.7 31617.6  17052.6    16890
read      802.1  1973.0    68.9   134.3   161.1   401.9   527.6   627.9   739.1   995.9  1522.9  2397.5  7037.5 31512.4 39633.4  45632.0    45689
read      531.6  1058.7    80.4   126.0   145.4   362.6   482.3   554.1   613.4   694.0   840.9  1193.4  4227.1 12858.8 32460.2  32709.8    32790
read      658.3  1564.0    74.4   127.6   148.7   376.2   497.3   582.0   662.6   802.4  1154.1  1772.3  4814.1 30673.0 37018.5  43966.0    44044
read      504.0   798.4    74.4   120.6   140.1   360.1   484.3   562.3   629.9   733.6   942.9  1259.3  3624.2  7615.8 31231.0  28397.8    28149
read      602.7  1398.8    74.4   121.7   142.1   362.8   477.8   552.0   615.1   705.9   890.7  1470.1  4379.0 29067.4 36494.6  39651.0    39739
read      777.6  1829.3    74.4   171.9   231.9   463.4   563.9   647.5   724.9   829.4  1011.5  1765.8  8343.1 31081.8 38860.6  72506.6    72475
read      537.6   747.1    80.4   169.0   223.9   466.0   543.1   594.7   644.4   723.5   832.8   997.3  1528.3  8990.9 31613.1  93584.2    93882
read      429.4   891.9    86.8   152.1   177.6   334.7   397.7   436.5   468.1   505.6   557.6   663.3  3178.2 12799.5 32160.0   6721.6     6692
read      821.4  2056.4    74.4   136.7   166.2   413.7   530.8   617.7   704.2   866.0  1415.0  3305.5  7205.4 31706.2 37563.7  50319.4    50406
read      717.7  1504.8    74.4   208.9   282.2   492.4   572.2   640.3   720.9   829.8   969.0  1354.5  6235.0 29903.6 38079.8  82973.4    83055
read      635.3  1073.9    74.4   134.4   160.5   380.1   499.8   607.6   744.4  1099.1  1495.4  1878.5  4006.5 12466.9 35498.5  55495.0    55609
read      430.8   478.4    74.4   126.7   148.2   361.9   460.0   517.8   562.8   624.6   725.3   915.5  1610.6  4815.2 17096.4  16921.8    16968
read      741.9  1891.8    74.4   126.8   149.9   386.2   503.6   587.5   663.0   783.2  1118.4  2728.5  6140.5 31343.4 38403.0  43078.2    43031
read      505.5  1228.5    74.4   129.5   151.8   379.1   486.1   548.9   603.1   679.2   801.2   997.4  2410.5 25147.0 37112.5  17243.0    17236
read      703.3  1522.6    80.4   187.9   254.5   481.8   566.1   631.6   703.9   812.8   961.3  1401.3  5465.1 30413.8 36850.3  81921.0    82183
read      683.4  1542.4    74.4   129.5   153.5   392.9   517.5   609.9   698.1   868.0  1275.3  1872.5  4639.8 30282.3 36971.5  42211.8    42212
read      530.4  1375.8    80.4   136.0   160.6   367.3   459.0   515.9   564.3   630.8   729.8   912.8  4224.1 28898.9 36766.5  12162.6    12244
read      828.4  1964.0    74.4   153.4   196.1   441.1   553.8   655.4   759.1   922.1  1442.6  2474.4  7674.0 31643.3 38904.0  61504.8    61777
read      654.3  1510.1    74.4   124.4   145.7   372.6   496.6   579.1   657.8   791.4  1074.5  1827.7  4630.2 30429.7 37144.7  37210.8    36984
read      560.8  1020.8    74.4   125.1   145.6   378.4   506.5   594.7   675.1   812.7  1072.5  1431.2  4169.9  8798.0 35210.8  29156.2    29093
read      660.2  1467.4    74.4   124.9   146.1   373.7   497.8   591.4   686.3   891.7  1340.1  1818.0  5056.4 30264.8 36808.0  41711.8    41715
read      526.5  1042.9    68.9   119.7   139.2   358.9   474.5   548.1   612.9   701.0   885.4  1290.6  4203.9 10544.5 35469.6  34822.8    34838
read      860.8  1995.6    74.4   162.0   217.4   468.3   572.1   658.5   755.6   918.8  1497.9  2647.9  8276.4 31651.6 37718.2  63676.2    63574
read      463.0   795.1    74.4   120.9   141.1   357.1   465.4   529.3   578.6   645.1   758.9   998.7  2671.8  9871.4 32106.1  24512.0    24401
read      533.1  1188.7    74.4   120.3   140.7   356.8   471.4   540.5   595.4   673.2   809.1  1150.3  4296.5 18615.5 32523.1  32057.6    32025
read      622.6   587.2    68.9   289.0   368.0   540.9   603.9   662.4   736.9   850.3   979.1  1117.9  1515.4  5677.3 30886.3  98865.0    98971
read      511.2  1063.0    74.4   121.2   142.1   364.1   472.5   537.7   591.3   667.2   808.5  1094.8  4098.0 12539.6 36695.1  23667.6    23657
read      797.8  1740.5    74.4   164.4   220.6   467.0   575.3   673.9   776.3   937.0  1496.5  1997.0  7739.4 30842.0 39228.3  67901.0    67877
read      707.3  1426.8    74.4   138.9   168.1   410.5   536.1   649.5   796.1  1138.8  1565.6  2027.8  4290.9 28280.1 37480.8  53780.4    53849
read      783.2  1702.4    74.4   240.8   312.8   523.0   615.4   686.6   762.4   873.4  1033.6  1459.7  7835.6 30935.1 37813.4  79509.2    79536
read      538.9  1309.8    74.4   130.8   152.4   375.3   479.2   541.4   597.6   683.2   818.4  1077.8  4089.2 20438.3 37838.5  17253.0    17081
read      854.9  2183.6    74.4   130.2   155.3   404.4   531.2   629.2   733.2   954.1  1460.9  3914.6  7386.7 31857.7 40066.6  38941.8    39024
read      564.8  1280.2    74.4   123.5   143.9   371.3   491.7   568.8   633.0   735.2   934.7  1287.4  4321.9 21855.6 37920.3  26102.4    26125
read      751.6  1840.8    74.4   127.6   151.2   391.9   527.9   630.8   739.1   965.7  1351.7  2447.5  5447.2 31668.5 39367.9  33357.2    33388
read      518.8  1068.3    74.4   124.4   145.0   367.0   475.5   539.2   592.5   670.3   818.3  1090.5  4165.8 15970.1 32283.4  20998.4    20979
read      565.6   774.0    74.4   199.6   263.9   483.0   558.3   615.6   671.7   755.0   864.2  1015.6  1518.0  9576.7 31588.2  95948.4    95865
read      865.7  2136.8    74.4   219.5   292.1   494.1   580.8   653.4   736.0   838.9   993.1  1642.8  9089.7 31686.0 38587.8  73977.0    73949
read      880.0  2079.9    74.4   162.1   209.1   451.8   559.5   655.9   761.5   940.6  1598.9  3694.4  7505.0 31821.4 38672.7  60956.0    60987
read      841.6  1925.8    74.4   146.2   182.1   427.5   553.1   679.2   836.2  1254.4  1706.8  2621.2  6192.0 31613.9 40481.7  54193.2    54175
read      787.7  1979.0    74.4   136.1   164.5   404.1   523.0   620.5   722.0   925.9  1480.6  2242.2  6860.1 31646.1 37977.3  51540.4    51484
read      624.6  1366.9    74.4   125.2   146.1   373.1   496.9   583.7   663.5   801.0  1121.1  1688.8  4392.8 29129.5 32924.1  39692.6    39771
read      460.4   805.9    74.4   120.1   138.3   347.4   463.4   532.4   585.4   653.8   760.2  1006.2  2878.2  7195.6 31912.7  32783.0    32864
read      657.3  1699.4    74.4   124.2   145.1   376.5   494.5   573.1   638.6   737.2   946.0  1638.1  5817.9 30862.0 36766.2  41979.6    42033
read      826.3  1913.0    74.4   135.3   163.7   421.9   556.5   679.9   834.4  1210.6  1641.6  2304.0  6731.0 31397.3 37695.1  43723.6    43808
read      699.5  1619.2    74.4   129.0   152.6   390.1   510.7   601.8   691.1   888.2  1388.9  2012.2  4742.6 30808.8 36874.3  45744.0    45785
read      566.3  1320.6    74.4   122.3   141.9   363.7   485.0   559.5   622.2   707.9   884.5  1314.6  4342.2 30214.7 36351.8  35575.8    35582
read      607.8  1578.5    74.4   122.5   142.4   362.6   478.6   550.1   610.0   690.4   851.1  1279.4  4645.5 30747.8 37047.9  38556.2    38504
read      446.5   733.1    74.4   128.7   151.7   372.0   470.8   532.0   582.8   652.4   754.9   922.3  1333.9  7630.7 35229.4  15412.0    15320
read      802.0  2028.6    68.9   176.3   247.7   477.9   565.0   636.2   712.6   808.9   940.1  1259.5  9078.5 31501.0 38822.3  74322.4    74264
read      961.4  2091.2    74.4   136.6   168.6   484.5   663.3   870.7  1159.5  1604.9  2083.5  2810.3  6839.5 31788.5 37887.8  43896.8    43890
read      514.1  1641.8    86.8   159.0   185.5   331.9   390.3   425.8   454.1   489.3   539.8   670.1  4422.2 31207.1 37102.2   5936.2     5962
read      537.0  1273.8    74.4   122.1   140.8   352.4   471.6   544.2   602.3   680.5   820.6  1170.9  4301.8 30116.5 36823.2  38181.4    38365
read      892.6  2139.3    74.4   149.7   189.9   437.7   558.0   664.9   774.8  1000.2  1630.3  3075.5  8533.3 31689.9 39947.1  56073.6    55971
read      646.0  1631.1    74.4   127.0   149.7   390.8   513.9   589.2   658.5   772.0   966.1  1424.8  5726.6 30963.8 37228.1  23088.0    23217
read      525.3   741.0    74.4   154.9   198.0   441.2   531.7   591.0   645.4   720.1   828.2  1029.7  2078.1  7593.3 31657.3  87416.8    87681
read      504.8   583.9    74.4   160.2   207.7   449.0   533.6   584.7   630.5   698.2   799.9   971.5  1386.1  6375.3 30735.5  91849.8    91728
read      529.3   568.9    74.4   191.4   250.3   474.6   542.7   588.6   635.3   718.8   840.2   988.7  1265.1  6455.5 30687.9  96782.0    96668
read      598.7  1289.6    74.4   150.7   194.1   443.0   536.1   598.5   653.4   731.6   844.7  1051.7  4553.4 22021.3 35273.5  80434.4    80475
read      542.9  1274.3    74.4   122.2   142.1   365.7   482.0   552.9   613.0   700.5   893.7  1223.5  4246.9 24549.3 37082.1  27118.8    27150
read      730.7  1831.3    74.4   131.9   158.8   400.8   518.6   601.9   678.7   815.3  1234.3  2015.7  5804.2 31328.1 38061.1  53259.4    53444
read      531.7  1199.2    74.4   121.2   142.0   365.4   480.2   552.8   619.3   722.4   896.3  1139.7  4186.1 21372.9 35580.6  23795.2    23737
read      554.4   906.2    74.4   156.1   206.5   455.2   543.9   602.8   653.1   721.7   829.9  1019.9  2690.7 10387.1 32425.4  87761.4    87776
read      625.2  1328.3    68.9   155.9   208.9   467.1   555.6   614.1   665.0   741.4   865.9  1091.0  4826.0 26586.2 35854.3  82234.0    82175
read      570.0   483.0    80.4   218.1   288.5   515.0   580.1   631.5   689.1   785.5   922.3  1066.4  1359.0  5542.7 18857.8  98681.4    98548
read      837.3  2071.5    74.4   132.3   156.1   406.2   548.9   663.6   798.5  1103.6  1559.9  2948.4  6604.0 31904.9 37571.9  37525.2    37704
read      871.4  2140.8    74.4   169.3   222.7   458.3   565.5   662.5   755.3   901.0  1371.8  2242.3  8750.2 31740.5 39094.7  64732.2    64701
read      923.7  2192.1    80.4   215.2   282.9   495.3   600.5   695.1   787.9   922.3  1196.0  2996.6  8657.7 32016.4 37811.4  69024.0    69089
read      609.8  1129.1    74.4   187.3   249.6   482.4   563.4   624.7   684.7   773.2   886.3  1052.3  3880.9 12669.5 36285.4  89598.8    89785
read      471.0  1071.4    74.4   130.8   152.7   366.7   455.9   506.9   545.8   596.5   680.0   862.0  2978.7 17097.7 35806.1  16677.0    16676
read      881.1  2064.6    74.4   201.7   269.6   494.4   591.7   687.4   790.7   945.6  1355.9  2140.0  8536.0 31744.2 39377.4  69509.4    69604
read      678.7   792.1    86.8   400.5   428.6   567.5   628.1   684.6   779.9   901.9  1033.1  1162.6  1504.6 12034.1 31835.1  99792.8    99682
read      559.7   434.8    80.4   216.3   284.0   508.6   579.6   629.5   683.9   773.6   893.8  1053.1  1352.3  5518.8 15110.4  97472.6    97693
read      482.9   977.5    80.4   131.1   153.0   378.8   475.7   534.1   577.8   638.1   736.7   930.0  3496.8 10092.4 36090.8  17253.8    17381
read      911.6  2163.5    74.4   138.4   166.0   422.4   582.5   739.0   991.7  1400.2  1718.7  3741.7  6708.1 31963.0 37935.7  40034.6    40069
read      445.1  1070.3    86.8   147.9   173.5   356.6   422.6   461.7   493.2   534.1   590.8   711.9  1896.5 16710.6 35876.9   8794.0     8841
read      853.6  1929.6    74.4   151.4   191.1   441.7   572.6   695.2   842.5  1211.5  1707.5  2607.8  6991.8 31510.6 40365.4  56386.8    56576
read      494.4   957.4    74.4   126.9   146.6   372.8   488.4   557.8   615.5   701.1   851.4  1075.8  2515.1 12247.7 32319.4  21650.6    21599
read      766.7  1891.7    74.4   138.5   165.3   404.8   522.6   613.6   700.3   856.0  1317.1  2332.8  6033.6 31468.7 37641.8  52785.4    53003
read      510.0  1164.2    80.4   128.1   149.3   373.8   478.1   541.6   589.6   661.8   782.4  1013.7  3743.7 15711.2 36381.9  19956.6    19831
read      613.2  1280.5    74.4   155.5   201.4   457.1   548.4   606.1   658.2   738.3   866.6  1092.2  4610.5 14131.0 36752.8  80534.8    80340
read      574.1  1414.9    74.4   124.4   144.1   370.8   489.9   564.2   623.5   702.9   853.4  1219.5  4390.2 29439.6 37058.0  28877.2    28765
read      468.0   783.6    80.4   124.6   143.9   364.9   480.4   548.8   602.3   673.5   799.3  1027.7  2361.4  6089.3 32218.6  25552.4    25572
read      585.8  1510.7    74.4   123.7   143.0   358.5   480.4   556.6   618.6   701.9   870.8  1272.8  4569.5 30698.3 38029.4  37017.6    37071
read      777.0  1924.8    74.4   179.3   245.4   482.8   563.6   623.5   692.2   799.2   949.8  1246.3  8650.5 31508.7 38423.9  75644.2    75819
read      764.1  1923.0    74.4   132.7   157.0   391.8   519.3   619.5   717.7   925.8  1422.6  2120.1  6873.0 31547.4 43516.3  44235.0    44359
read      563.0   615.3    80.4   205.9   269.2   494.0   570.6   624.7   677.8   762.9   882.7  1042.5  1433.6  7458.1 29282.7  95940.0    95960
read      809.1  1820.9    74.4   150.9   189.6   443.1   561.3   667.5   773.5   994.7  1579.9  2460.6  6171.3 31270.2 37130.2  59570.4    59630
read      776.8  1884.4    74.4   135.1   161.2   402.4   532.4   635.9   742.4   984.7  1497.0  2225.4  5769.0 31509.1 37527.2  48014.4    47930
read      911.7  2354.0    80.4   178.3   233.2   454.8   568.6   657.5   735.7   845.9  1133.0  3029.7  9137.0 32098.1 39388.9  65707.4    65545
read      592.8  1000.5    74.4   199.6   265.6   475.5   564.3   628.3   687.2   765.2   862.7  1016.0  2382.5 12754.7 32236.7  94095.8    94038
read      817.7  1946.6    68.9   140.9   172.0   416.7   553.1   672.1   803.0  1114.3  1606.6  2220.9  7694.6 31473.1 37889.5  51699.0    51806
read      833.2  2032.5    74.4   139.6   168.2   417.0   543.8   645.6   750.6   994.3  1573.3  2939.7  6912.7 31967.7 39754.8  48832.8    48712
read      466.6   911.3    80.4   135.0   158.8   374.1   463.6   521.3   569.1   637.0   734.2   898.4  2302.5 11529.6 32474.0  13084.8    13115
read      856.2  1934.6    74.4   247.3   317.3   504.6   594.6   688.8   787.9   915.8  1102.4  1879.0  8564.1 31477.1 37875.6  76662.0    76569
read      483.7   822.6    74.4   127.6   148.3   372.3   481.9   546.5   602.2   686.8   824.1  1018.8  2852.1  8212.1 31973.1  19437.8    19372
read      814.9  1917.0    74.4   149.6   187.3   428.1   546.0   651.1   760.0   982.3  1575.5  2276.0  6986.0 31501.0 39014.3  59343.4    59331
read      881.6  2278.7    80.4   162.9   209.4   441.3   545.7   630.2   717.7   842.4  1160.8  3430.7  8547.2 32067.2 40240.2  62712.8    62597
read      548.6  1245.5    74.4   123.2   142.3   360.5   480.7   559.3   623.6   709.7   898.8  1354.7  4334.6 20124.3 36676.7  37721.2    37702
read      640.2  1651.8    74.4   126.1   146.2   364.7   487.6   565.8   629.0   721.1   922.7  1616.2  4677.7 31240.9 36355.0  42013.6    41975
read      498.1  1153.0    74.4   124.4   143.8   364.6   477.0   545.0   594.5   664.4   770.2   982.6  3771.7 21214.1 32520.5  26211.4    26100
read      609.5  1283.9    74.4   154.2   200.9   443.2   528.1   584.7   638.9   727.7   852.3  1072.0  4840.1 16168.6 35489.3  82438.2    82500
read      762.3  1840.7    74.4   135.4   163.1   408.2   528.5   614.6   698.4   869.9  1411.8  2188.1  6279.1 31302.6 37912.5  50878.8    50756
read      832.2  1975.4    74.4   164.5   214.2   444.8   553.5   645.8   733.1   862.5  1294.9  2260.2  8572.2 31549.0 37785.6  66763.4    66696
read      652.8  1581.1    74.4   134.7   162.6   409.4   518.4   589.8   653.2   736.5   883.6  1563.6  6099.9 30347.3 36670.2  53229.8    53364
read      441.0   964.1    80.4   143.2   169.3   358.7   426.1   466.9   497.5   537.9   600.2   715.2  2577.6 13127.7 35505.6  10379.6    10413
read      667.0  1633.2    74.4   140.4   174.3   425.6   524.9   590.6   654.9   742.4   883.1  1448.6  7756.1 30554.0 38659.8  64941.0    64876
read      656.2  1487.2    74.4   141.2   177.3   438.5   538.4   607.6   667.1   753.7   914.8  1489.1  6586.3 29284.6 37649.9  69043.6    69079
read      443.4   647.5    80.4   127.8   148.5   372.4   473.2   530.6   574.5   636.9   733.8   922.3  1545.2  5889.5 31565.9  19501.8    19447
read      645.9  1347.2    74.4   161.1   213.9   469.9   568.2   631.7   688.2   775.8   917.1  1219.2  4608.9 25480.2 35483.4  81134.8    81182
read      665.6  1596.5    74.4   129.2   151.6   398.4   538.1   639.5   741.0   909.0  1102.2  1468.1  4654.3 31039.7 36702.7  25071.4    25265
read      495.9  1087.1    80.4   145.2   173.1   370.7   451.4   502.6   545.9   609.2   696.6   855.6  3533.9 14825.6 36232.6   9700.4     9699
read      616.5  1250.0    74.4   131.3   156.2   387.7   509.5   600.2   685.6   837.1  1303.2  1830.5  3598.5 20883.8 35310.9  48713.2    48659
read      564.5  1274.2    74.4   139.3   171.2   407.5   500.2   561.9   616.1   691.5   804.0  1041.0  3941.1 17155.6 36224.1  75020.0    75126
read      512.0   550.0    74.4   159.6   205.8   457.5   540.7   592.7   640.9   714.4   825.6  1004.5  1445.4  6286.2 28688.8  96393.6    96559
read      645.6  1213.6    74.4   137.7   167.6   413.5   529.1   622.0   708.9   854.1  1360.0  1869.9  4083.0 16642.5 32600.1  55766.6    55885
read      712.1  2264.6    74.4   148.6   180.5   410.7   518.2   592.7   646.3   699.6   776.4   937.7  8263.8 32102.0 44774.5   9109.0     9039
read      665.9  1414.2    74.4   140.8   176.9   438.1   538.2   614.9   691.3   809.3  1057.9  1756.6  4812.8 28034.9 36419.0  66273.2    66378
read      612.5   970.8    74.4   129.3   150.8   380.6   517.0   648.4   829.1  1202.8  1470.5  1742.5  2507.6 10158.2 32492.9  41248.8    41225
read      558.8   833.8    74.4   130.4   155.4   382.2   503.8   592.7   675.0   802.8  1194.5  1703.5  2550.2  8301.9 31848.9  52351.0    52371
read      607.0   939.5    74.4   130.0   151.6   382.1   511.8   631.2   772.7  1199.0  1496.2  1770.4  2323.1 12465.6 31800.4  40035.8    39873
read      596.1  1290.0    74.4   125.6   146.3   369.1   488.7   571.9   640.6   746.9  1078.9  1740.2  4465.1 25069.7 37008.2  41210.0    41176
read      527.9   992.7    68.9   146.0   183.1   413.2   499.8   557.5   611.1   685.7   789.2   967.2  2942.6 12864.1 32441.6  85546.4    85357
read      575.6  1112.4    74.4   159.2   205.3   442.7   528.1   587.6   644.7   727.4   844.1  1043.6  3827.7 13600.4 36400.0  85174.8    85391
read      488.8   641.3    74.4   151.9   189.9   415.3   503.2   559.7   610.9   681.9   779.1   938.3  1794.0  7325.5 31191.8  91940.2    91890
read      702.5  1701.3    68.9   139.6   170.4   417.3   531.0   612.1   678.3   776.1  1011.2  1852.8  6957.1 30695.7 40360.1  57650.8    57558
read      402.0   652.0    86.8   140.6   167.7   352.6   420.1   460.5   491.4   530.9   589.7   693.1  1022.0  5200.8 31072.6  10025.2     9972
read      703.8  1826.1    74.4   155.7   203.6   447.8   537.9   603.4   665.8   753.2   866.9  1109.6  8506.1 31044.0 41268.9  74548.6    74636
read      609.8  1624.7    74.4   123.8   143.9   374.2   490.9   559.1   613.6   684.5   816.1  1168.8  4662.5 31021.2 37820.6  29870.2    29773
read      674.8  1650.0    74.4   138.8   170.4   419.0   521.8   594.5   660.3   744.4   884.4  1580.5  7048.5 30713.9 37683.0  63320.0    63494
read      415.5  1000.7    86.8   155.4   183.7   334.1   385.0   414.3   436.2   463.9   502.2   576.6  3985.1 12245.8 37026.4   7180.4     7201
read      700.5  1762.7    74.4   134.2   161.1   407.4   518.8   598.2   665.5   756.8   979.1  1843.1  5812.3 31279.6 38946.7  49343.6    49507
read      685.2  1645.5    68.9   140.7   176.1   425.0   523.5   596.0   665.7   764.2   923.0  1614.2  7547.5 30547.3 37066.4  65382.8    65454
read      552.7   630.8    74.4   166.7   221.5   481.3   572.4   630.7   679.2   745.6   861.7  1070.5  1936.1  8349.1 30551.6  88415.0    88537
read      516.4  1226.4    74.4   122.8   142.2   366.3   484.2   553.7   607.5   671.7   761.7   971.1  4360.3 20435.1 36381.8  36807.8    36982
read      594.0   897.1    74.4   184.6   251.7   503.6   583.8   638.5   689.0   767.7   898.5  1083.4  2032.3  9703.6 32109.8  88727.4    88964
read      636.6   567.5    80.4   348.9   414.8   548.6   605.2   652.1   721.3   888.1  1011.7  1115.9  1370.6  6836.4 29667.6  96406.8    96479
read      775.9  2046.1    74.4   133.5   162.7   413.7   521.2   601.4   672.7   779.1  1041.2  2014.5  8245.3 31645.1 37630.8  47958.6    47883
read      657.1  1565.3    68.9   131.3   158.4   401.7   510.9   584.9   648.1   733.4   901.6  1656.4  5679.7 29995.7 39331.1  50534.8    50650
read      516.7   836.3    74.4   147.4   188.9   425.0   511.1   565.8   614.7   686.2   798.0   978.8  2040.0 11264.1 31938.5  89119.2    89242
read      382.8   715.3    86.8   152.7   181.8   331.0   383.6   413.6   436.3   465.2   503.0   578.1  1198.9  7970.4 32115.7   7391.8     7374
read      425.6   849.4    80.4   145.3   176.2   353.0   421.7   464.0   497.5   539.7   599.7   693.2  1664.6  9322.1 32068.3   8433.6     8507
read      694.6  1763.1    68.9   133.5   161.1   408.3   516.0   590.5   654.3   742.4   917.1  1741.7  6301.4 31269.4 38037.7  50663.6    50676
read      663.5  1421.4    74.4   134.4   165.9   418.3   529.7   613.3   687.9   800.6  1077.3  1781.3  5172.7 27916.3 36679.0  56896.8    57069
read      576.2  1414.5    74.4   125.3   145.2   367.0   481.8   554.4   614.9   692.2   822.5  1261.0  4629.1 30189.0 38026.2  43525.6    43520
read      702.8  1782.8    74.4   136.3   167.2   424.1   528.1   600.6   665.1   752.5   924.5  1685.4  8150.0 30945.7 39566.3  56664.6    56720
read      705.4  1830.9    74.4   144.4   184.2   436.2   535.2   597.5   656.0   739.6   859.0  1166.2  8569.5 30974.5 37602.4  68097.4    68155
read      741.4  1893.2    74.4   140.6   176.4   441.9   542.1   615.0   683.4   790.6   995.9  1761.2  8500.0 31344.4 37482.9  60457.4    60444
read      699.2  1567.0    74.4   141.9   179.5   440.8   550.3   632.9   703.9   808.2  1035.4  1769.2  6274.2 30125.4 37459.2  63994.8    63997
read      498.5  1247.8    80.4   125.8   146.6   377.5   471.6   526.7   571.5   631.1   720.2   896.2  4116.5 29092.1 36583.8  17401.0    17315
read      658.2  1414.3    74.4   156.9   208.0   462.5   551.1   617.9   686.1   786.8   927.5  1262.6  5395.9 29699.9 36829.3  78786.4    78596
read      558.0  1064.6    74.4   148.8   189.0   431.5   526.7   586.9   638.0   711.1   818.6  1039.9  3025.1 13511.3 32342.3  81558.8    81548
read      534.4   530.9    74.4   177.4   235.3   480.4   557.6   608.8   657.0   735.2   859.9  1026.9  1380.0  5844.1 27196.5  97332.0    97254
read      762.6  2065.4    74.4   131.9   158.3   402.4   514.9   595.4   668.2   771.9  1050.5  2149.6  7481.5 31906.5 43066.0  46270.2    46135
read      401.7   554.5    80.4   131.7   154.3   367.7   439.8   479.9   508.8   547.1   600.2   701.2  1013.7  6890.7 23521.4  13304.2    13379
read      606.2  1509.3    74.4   125.4   146.9   380.8   495.6   566.9   624.5   701.1   852.4  1425.8  4670.9 30718.3 36911.7  46980.8    46993
read      529.5   504.5    74.4   178.2   232.5   479.2   554.2   608.8   662.1   745.8   861.5  1013.6  1355.5  5407.9 22924.0  98203.6    98274
read      497.5   552.6    74.4   161.6   206.4   439.5   521.1   572.4   618.2   687.4   799.6   959.2  1376.9  6289.9 30328.7  97081.4    97056
read      609.0  1632.5    74.4   124.8   144.4   364.0   479.8   549.9   610.2   687.3   840.3  1388.6  4705.7 31197.7 37472.4  43536.2    43434
read      505.3  1170.1    74.4   122.1   140.5   362.3   481.9   554.4   611.1   675.8   764.3   974.7  4283.6 18763.2 34054.6  36471.0    36406
read      665.7   617.9    80.4   409.9   451.5   564.7   618.8   663.7   731.9   938.7  1049.5  1149.6  1397.0  7308.2 30987.2  98903.2    99121
read      566.2   948.1    74.4   152.3   197.8   453.5   546.5   605.9   656.4   729.6   850.4  1081.7  2900.6 10558.4 32303.6  80700.4    80708
read      579.9  1493.5    74.4   123.3   143.5   365.7   481.8   553.7   615.1   692.3   834.3  1265.4  4624.7 30565.5 37604.3  40505.6    40517
read      476.6  1070.5    74.4   119.4   137.2   354.0   468.6   533.7   583.7   645.4   734.9   935.1  4173.5 12260.5 35302.4  34243.8    34168
read      400.8   603.7    80.4   134.3   160.8   364.1   433.7   472.1   501.9   539.4   593.4   690.2   998.2  6677.5 35237.4  11762.6    11754
read      545.2   643.6    74.4   185.8   245.7   485.1   565.3   619.6   666.4   735.2   851.4  1019.8  1382.0  8453.5 31297.2  93041.8    93304
read      678.5  1560.2    74.4   140.6   176.0   438.2   539.5   610.5   676.4   772.9   951.3  1638.4  6020.2 30035.4 37155.7  64778.2    64697
read      496.2   615.6    74.4   152.2   192.6   432.1   519.1   573.9   620.4   684.5   787.7   965.9  1695.5  5903.3 31348.1  92725.8    92626
read      654.9  1543.2    74.4   148.8   193.5   450.7   539.9   599.4   656.1   743.4   869.1  1112.0  7269.1 30269.3 37062.0  75557.2    75618
read      602.3  1267.7    74.4   161.9   212.8   450.1   535.8   596.2   655.9   740.7   850.8  1043.3  4300.1 17267.5 36398.1  85831.8    85805
read      442.1   849.6    80.4   125.3   145.3   371.6   463.4   512.0   549.3   597.6   666.4   783.3  1689.8  8662.8 32138.5  18888.0    18930
read      672.2  1684.8    74.4   130.1   155.9   405.9   519.4   593.7   660.3   751.1   960.6  1735.6  5526.6 31208.8 37463.1  49869.0    50153
read      426.7   721.5    80.4   139.2   166.3   370.2   434.2   471.9   500.6   538.0   593.9   709.3  1564.9  9092.2 31565.9  10342.4    10377
read      435.6   727.9    74.4   119.3   136.8   351.0   467.7   535.1   584.5   642.2   727.2   909.2  1487.7  5789.8 32098.8  33182.6    33112
read      456.1   912.2    74.4   120.2   138.2   356.5   467.7   529.5   576.2   632.4   713.3   894.2  2859.9 10557.0 35574.8  28807.0    28777
read      743.6  1906.3    74.4   131.4   157.4   402.1   514.3   596.0   670.3   786.3  1136.8  2168.5  6016.4 31614.2 37988.2  45657.6    45709
read      692.3  1657.2    68.9   154.4   200.6   450.9   553.5   623.2   686.2   771.5   901.6  1218.0  8202.6 30692.2 36767.4  74249.0    74458
read      487.4   601.5    74.4   138.0   168.3   409.1   505.7   564.1   613.4   679.3   777.9   979.7  2142.1  5723.1 30834.1  73526.8    73596
read      487.1   675.8    74.4   126.7   149.1   414.7   516.2   583.4   633.6   686.6   765.2  1022.1  1712.2  8768.2 30752.8  28058.4    28031
read      474.2   572.5    74.4   125.6   148.0   398.4   496.6   556.0   608.0   671.8   759.0  1044.9  2038.1  5388.4 29690.9  45802.4    45754
read      523.2   686.8    74.4   145.1   184.0   440.3   543.0   605.7   653.5   715.3   808.7  1042.7  2253.9  8165.2 31045.9  80134.8    80138
read      490.1   691.4    74.4   130.6   155.2   390.9   492.1   552.2   601.5   667.4   766.4  1016.0  2776.7  6407.7 30809.1  64137.8    64350
read      489.1   705.8    74.4   127.6   150.3   394.1   496.7   558.8   610.5   677.1   773.5  1054.2  2287.0  8939.6 31369.4  51883.4    51870
read      485.7   601.9    74.4   141.8   175.0   415.3   510.4   568.9   615.7   676.2   763.3   927.2  1983.0  6038.1 29489.3  81220.2    81106
read      520.6   642.1    74.4   144.9   182.4   436.2   540.2   607.6   663.2   735.0   839.5  1060.7  2094.5  6705.9 30251.2  82191.6    82064
read      449.5   424.6    74.4   123.1   143.9   386.6   485.2   549.3   603.1   664.5   746.4  1044.8  1613.5  4433.0 12719.7  30510.8    30534
read      480.5   788.3    74.4   125.2   146.4   387.3   492.8   557.9   609.2   669.1   765.1  1079.0  1765.5  9696.7 31922.5  25490.4    25449
read      471.2   620.3    74.4   130.5   155.0   371.6   469.5   535.4   588.5   660.3   763.0  1020.7  2374.9  6302.3 30272.9  67640.2    67525
read      456.8   481.3    74.4   127.0   148.1   390.0   492.7   560.2   610.2   668.3   747.9  1007.7  1612.4  5084.2 16040.6  27048.4    27070
read      463.0   619.0    74.4   124.4   145.3   380.3   483.3   546.4   599.8   667.0   754.3  1039.0  1923.3  7034.3 31214.2  41012.2    41133
read      469.5   622.5    74.4   124.7   146.2   400.9   501.9   568.9   617.5   670.5   739.7   958.1  1667.5  7823.5 30752.8  27940.8    28009
read      451.8   539.2    74.4   128.6   151.8   385.6   484.6   542.1   587.1   644.5   725.9   864.5  2035.7  5951.0 19907.3  64325.6    64235
read      425.1   587.5    74.4   132.2   157.2   397.9   478.6   521.3   550.6   586.3   633.8   711.9  1031.7  8346.2 30949.8  16456.2    16387
read      407.4   305.7    68.9   126.0   148.2   363.9   465.6   523.0   567.3   622.6   692.0   803.1  1251.6  3064.3  7809.6  62559.0    62388
read      414.1   341.8    74.4   124.1   146.5   384.6   482.5   538.2   582.5   635.6   695.3   787.6  1124.5  3547.8 12348.6  40300.6    40199
read      405.9   273.5    68.9   132.8   157.4   406.9   484.3   525.1   554.0   588.4   633.1   696.0   905.9  3012.3  8664.8  16770.8    16884
read      403.3   300.8    74.4   124.7   146.8   370.9   470.4   526.9   570.1   623.2   688.6   789.3  1054.7  2518.4 10633.4  55797.4    55763
read      402.5   277.9    68.9   122.8   144.6   377.6   472.0   526.4   569.4   621.2   682.3   775.5  1015.9  2296.9  8039.6  41909.6    41925
read      409.8   287.5    68.9   123.7   146.3   383.0   479.5   535.5   579.8   633.7   695.1   792.9  1063.5  2399.7  8134.5  42371.8    42341
read      425.9   283.5    68.9   139.2   169.2   390.4   487.2   542.0   581.5   629.2   696.1   831.2  1160.3  2220.6  7923.1  93618.6    93577
read      394.2   320.5    86.8   164.7   199.3   382.4   427.9   454.0   471.4   496.6   528.9   582.1   758.2  5316.4 11236.9   7630.4     7657
read      412.6   412.3    74.4   141.3   171.9   400.2   471.8   511.6   540.1   573.3   615.2   678.7   866.8  4083.6 15845.6  14341.0    14232
read      429.0   335.2    74.4   128.0   152.6   406.0   500.4   557.1   599.9   648.6   705.8   800.7  1061.2  3472.3 10215.4  30099.0    30107
read      385.9   258.2    68.9   124.8   146.4   349.7   445.8   499.7   541.2   593.2   663.8   768.4   998.5  2260.4  7850.5  71153.6    71078
read      384.0   287.4    68.9   128.1   151.7   347.4   438.3   491.6   532.2   582.6   649.5   756.1   986.9  2181.8  9467.4  85040.2    85372
read      391.8   296.1    68.9   122.7   144.1   357.0   455.5   510.0   552.0   603.7   668.5   764.4  1007.7  2610.5 11761.0  54683.8    54930
read      371.4   492.1    86.8   171.7   212.9   347.9   386.1   406.6   423.2   441.3   467.3   508.6   648.8  7671.7 20233.1   5730.4     5750
read      386.7   291.7    68.9   128.3   150.9   348.9   440.8   494.8   536.6   588.6   658.5   762.7   990.3  2925.2  8048.3  80028.8    80137
read      403.4   304.0    68.9   123.0   145.4   374.4   469.9   526.6   571.8   625.6   686.4   780.4  1000.6  2238.0 11457.4  41591.4    41449
read      400.1   403.8    74.4   132.3   155.5   389.7   471.7   516.4   546.6   581.1   623.3   683.5   844.6  4054.1 12810.1  17325.6    17301
read      402.5   307.5    74.4   130.3   153.3   388.4   478.4   527.3   561.0   599.3   644.8   710.6   914.0  3316.4 12359.6  19813.6    19930
read      405.5   321.0    74.4   123.9   146.3   375.4   473.2   530.8   575.9   629.8   689.4   782.1  1014.4  2381.4  8727.9  41746.2    41776
read      396.8   301.7    86.8   161.1   193.8   390.3   441.5   469.1   490.2   513.6   548.6   607.4   775.4  4170.0 10836.6   8577.0     8596
read      419.3   354.2    68.9   127.9   152.6   393.1   487.5   543.4   585.8   633.8   688.1   777.2   998.7  3588.6 12803.1  30828.8    30870
read      390.0   283.7    74.4   126.8   148.8   350.1   446.4   502.1   545.1   597.6   668.6   774.5  1024.0  2880.0  8797.6  69896.0    69978
read      399.0   326.5    74.4   126.7   148.6   377.3   470.9   527.4   566.8   609.7   659.5   730.6   935.0  2925.5 11098.6  23885.4    23908
read      395.0   308.1    80.4   151.7   180.3   388.6   442.9   471.1   494.2   520.7   555.2   612.8   760.8  4860.4 10281.2   9931.2     9848
read      387.2   299.8    68.9   126.7   148.8   347.6   440.9   497.2   540.2   594.7   666.1   773.3  1015.1  2515.1  7966.3  71172.6    71598
read      388.5   268.3    74.4   129.1   152.2   350.9   442.0   497.0   540.1   593.3   665.7   774.3  1006.7  2354.2  9448.6  76893.8    77156
read      392.6   360.3    74.4   137.3   161.2   388.2   459.4   496.3   522.6   552.4   591.6   654.0   817.4  3848.4 11947.4  14132.4    14083
read      387.4   278.4    74.4   131.1   155.6   350.7   438.9   492.5   534.2   584.8   654.0   760.4   999.8  2390.6  8205.7  87591.0    87786
read      390.5   347.5    68.9   123.5   145.0   353.1   448.9   505.3   548.3   599.7   665.1   760.9  1012.3  2919.8 11298.1  57430.8    57205
read      391.7   293.7    68.9   124.3   146.2   356.5   452.5   507.7   550.8   603.9   670.3   767.5  1051.6  2080.1 10974.3  53206.4    53142
read      386.9   314.7    68.9   129.6   152.4   347.1   438.4   492.8   534.3   587.0   657.6   765.8  1009.3  2673.3 11374.4  77763.0    77998
read      428.3   289.7    74.4   148.8   182.6   390.3   479.5   535.8   579.6   631.4   701.1   828.8  1127.1  1624.6 11030.7  98830.2    98830
read      399.4   266.6    68.9   124.2   146.5   373.0   464.4   523.1   566.5   616.4   674.3   761.1  1014.3  2476.1  8128.1  32366.4    32447
read      392.9   289.3    74.4   128.7   152.0   353.3   446.2   502.3   546.4   601.2   673.4   785.7  1049.3  2378.6  8636.9  74355.4    74382
read      395.8   265.2    74.4   123.6   146.4   369.3   461.8   518.4   561.5   610.9   668.6   749.0   991.5  2669.6  7601.6  32266.0    32271
read      387.1   358.2    74.4   123.1   144.9   352.8   444.7   499.4   541.4   591.5   656.0   748.4  1012.3  2333.7 10908.9  55201.8    55273
read      379.6   278.7    68.9   123.1   144.6   342.4   434.7   489.0   530.4   581.6   648.5   746.6  1009.2  2291.1  7588.8  68084.2    68152
read      389.4   289.8    68.9   125.4   148.1   363.6   453.2   506.8   545.5   589.2   641.8   720.4   956.0  2776.2  9114.8  25386.0    25419
read      386.1   253.5    68.9   122.8   145.1   358.4   448.3   501.7   543.7   593.9   657.1   741.7   981.3  1838.9  7928.5  43178.6    43187
read      382.8   340.9    68.9   123.2   144.7   346.6   439.6   494.6   536.0   586.1   651.0   743.5   968.6  2587.2 12168.2  60502.8    60608
read      374.5   235.1    68.9   122.6   144.1   343.2   435.1   487.8   528.8   578.4   641.5   733.8   937.7  2176.0  5321.1  62255.6    62150
read      389.5   271.0    68.9   123.4   145.6   362.2   451.7   505.1   546.0   592.3   649.4   736.3  1008.2  3038.1  8120.9  30846.0    30864
read      377.3   278.9    68.9   124.6   146.1   340.1   432.1   486.3   528.0   577.9   643.8   744.5   985.1  2404.3  7436.8  69425.8    69566
read      389.2   285.1    68.9   121.7   143.7   361.3   449.4   503.9   545.4   594.8   654.9   738.1   978.4  3552.0  9301.2  38205.2    38183
read      380.8   255.3    68.9   121.9   143.8   353.3   444.1   496.6   536.4   584.7   645.9   734.3   927.6  2036.4  8321.9  51438.8    51253
read      390.1   318.4    74.4   124.5   146.8   356.0   448.4   502.8   544.3   594.0   659.1   747.1  1002.8  3558.2 10186.8  53046.0    53027
read      381.9   268.3    68.9   123.3   145.8   359.0   445.4   496.2   536.5   584.3   640.4   720.3   909.7  1809.2  9960.3  37082.8    37133
read      374.6   263.6    68.9   124.6   146.5   339.5   428.3   481.0   522.4   573.3   639.2   739.6   950.5  2092.2  9291.1  73454.6    73413
read      378.2   271.1    68.9   127.8   150.3   341.9   430.9   483.1   523.9   575.6   642.9   743.9   969.9  2488.4  9022.1  78681.2    78811
read      384.3   281.5    68.9   131.5   156.0   347.8   434.9   487.4   527.5   577.9   644.7   751.4   990.3  2418.8  8327.7  88262.4    88317
read      381.8   241.5    68.9   122.9   144.6   354.9   446.9   500.2   540.4   588.8   650.1   735.6   935.6  1815.1  7366.5  46432.4    46504
read      386.5   262.4    68.9   123.2   145.4   357.5   450.3   504.8   545.6   595.0   656.9   743.1   964.8  1917.9  8734.0  46345.6    46147
read      385.4   328.0    74.4   122.7   145.4   360.8   447.8   500.8   541.8   589.3   646.0   726.7   917.3  1762.4 10659.0  35029.8    35073
read      379.2   412.0    74.4   130.0   153.0   360.8   439.7   481.9   510.7   544.3   586.8   652.8   851.4  5281.3 16057.1  18829.0    18693
read      385.1   267.6    74.4   123.4   145.3   358.1   449.1   501.9   542.1   590.7   652.8   741.3   938.4  1843.0 10080.8  46907.0    46834
read      382.7   274.4    68.9   127.7   150.0   345.3   435.3   488.9   529.6   580.0   648.4   752.1  1005.0  2679.8  7950.5  76380.4    76427
read      415.3   259.1    74.4   140.3   169.7   377.5   471.1   529.2   571.1   620.5   686.2   806.8  1136.2  1567.1  7923.9  95853.4    96007

Total QPS = 51263.4 (92274208 / 1800.0s)

Total connections = 64
Misses = 0 (0.0%)
Skipped TXs = 0 (0.0%)

RX 22791729129 bytes :   12.1 MB/s
TX          0 bytes :    0.0 MB/s
Warning! Detected max cpu usage > 95%
CPU Usage Stats (avg/min/max): 99.98%,46.67%,100.00%
